(0.0,1.0,0.0,0.0,0.1,0.5) = (1.0000,0.0000,0.0000)
(0.0,1.0,0.0,0.1,0.1,0.5) = (1.0000,0.0000,0.0000)
(0.0,1.0,0.0,0.2,0.1,0.5) = (1.0000,0.0000,0.0000)
(0.0,1.0,0.0,0.3,0.1,0.5) = (1.0000,0.0000,0.0000)
(0.0,1.0,0.0,0.4,0.1,0.5) = (1.0000,0.0000,0.0000)
(0.0,1.0,0.0,0.5,0.1,0.5) = (0.7000,0.0000,0.3000)
(0.0,1.0,0.0,0.6,0.1,0.5) = (0.5639,0.0000,0.4361)
(0.0,1.0,0.0,0.7,0.1,0.5) = (0.4199,0.2466,0.3335)
(0.0,1.0,0.0,0.8,0.1,0.5) = (0.3166,0.4469,0.2365)
(0.0,1.0,0.0,0.9,0.1,0.5) = (0.2436,0.5788,0.1776)
(0.0,1.0,0.0,1.0,0.1,0.5) = (0.2224,0.6364,0.1412)
(0.0,1.0,0.1,0.0,0.1,0.5) = (1.0000,0.0000,0.0000)
(0.0,1.0,0.1,0.1,0.1,0.5) = (1.0000,0.0000,0.0000)
(0.0,1.0,0.1,0.2,0.1,0.5) = (1.0000,0.0000,0.0000)
(0.0,1.0,0.1,0.3,0.1,0.5) = (1.0000,0.0000,0.0000)
(0.0,1.0,0.1,0.4,0.1,0.5) = (0.7627,0.0000,0.2373)
(0.0,1.0,0.1,0.5,0.1,0.5) = (0.5617,0.0944,0.3438)
(0.0,1.0,0.1,0.6,0.1,0.5) = (0.4285,0.3709,0.2006)
(0.0,1.0,0.1,0.7,0.1,0.5) = (0.3256,0.4964,0.1781)
(0.0,1.0,0.1,0.8,0.1,0.5) = (0.2853,0.5887,0.1260)
(0.0,1.0,0.1,0.9,0.1,0.5) = (0.2791,0.6168,0.1042)
(0.0,1.0,0.1,1.0,0.1,0.5) = (0.2124,0.6884,0.0992)
(0.0,1.0,0.2,0.0,0.1,0.5) = (1.0000,0.0000,0.0000)
(0.0,1.0,0.2,0.1,0.1,0.5) = (1.0000,0.0000,0.0000)
(0.0,1.0,0.2,0.2,0.1,0.5) = (1.0000,0.0000,0.0000)
(0.0,1.0,0.2,0.3,0.1,0.5) = (0.9876,0.0000,0.0124)
(0.0,1.0,0.2,0.4,0.1,0.5) = (0.6045,0.1553,0.2402)
(0.0,1.0,0.2,0.5,0.1,0.5) = (0.4729,0.3748,0.1523)
(0.0,1.0,0.2,0.6,0.1,0.5) = (0.3711,0.4907,0.1383)
(0.0,1.0,0.2,0.7,0.1,0.5) = (0.3119,0.5791,0.1090)
(0.0,1.0,0.2,0.8,0.1,0.5) = (0.2831,0.6285,0.0884)
(0.0,1.0,0.2,0.9,0.1,0.5) = (0.2617,0.6687,0.0696)
(0.0,1.0,0.2,1.0,0.1,0.5) = (0.2278,0.6914,0.0808)
(0.0,1.0,0.3,0.0,0.1,0.5) = (1.0000,0.0000,0.0000)
(0.0,1.0,0.3,0.1,0.1,0.5) = (1.0000,0.0000,0.0000)
(0.0,1.0,0.3,0.2,0.1,0.5) = (1.0000,0.0000,0.0000)
(0.0,1.0,0.3,0.3,0.1,0.5) = (0.6703,0.1054,0.2243)
(0.0,1.0,0.3,0.4,0.1,0.5) = (0.5235,0.3603,0.1162)
(0.0,1.0,0.3,0.5,0.1,0.5) = (0.4367,0.4634,0.0999)
(0.0,1.0,0.3,0.6,0.1,0.5) = (0.3927,0.5133,0.0940)
(0.0,1.0,0.3,0.7,0.1,0.5) = (0.3435,0.5606,0.0959)
(0.0,1.0,0.3,0.8,0.1,0.5) = (0.2832,0.6443,0.0725)
(0.0,1.0,0.3,0.9,0.1,0.5) = (0.2167,0.7261,0.0573)
(0.0,1.0,0.3,1.0,0.1,0.5) = (0.2647,0.6646,0.0707)
(0.0,1.0,0.4,0.0,0.1,0.5) = (1.0000,0.0000,0.0000)
(0.0,1.0,0.4,0.1,0.1,0.5) = (1.0000,0.0000,0.0000)
(0.0,1.0,0.4,0.2,0.1,0.5) = (0.6256,0.0000,0.3744)
(0.0,1.0,0.4,0.3,0.1,0.5) = (0.6790,0.2543,0.0667)
(0.0,1.0,0.4,0.4,0.1,0.5) = (0.5136,0.4009,0.0855)
(0.0,1.0,0.4,0.5,0.1,0.5) = (0.4223,0.4958,0.0820)
(0.0,1.0,0.4,0.6,0.1,0.5) = (0.3310,0.6096,0.0594)
(0.0,1.0,0.4,0.7,0.1,0.5) = (0.2942,0.6445,0.0613)
(0.0,1.0,0.4,0.8,0.1,0.5) = (0.3315,0.6121,0.0564)
(0.0,1.0,0.4,0.9,0.1,0.5) = (0.2596,0.6911,0.0493)
(0.0,1.0,0.4,1.0,0.1,0.5) = (1.0000,0.0000,0.0000)
(0.0,1.0,0.5,0.0,0.1,0.5) = (1.0000,0.0000,0.0000)
(0.0,1.0,0.5,0.1,0.1,0.5) = (1.0000,0.0000,0.0000)
(0.0,1.0,0.5,0.2,0.1,0.5) = (0.6842,0.2342,0.0816)
(0.0,1.0,0.5,0.3,0.1,0.5) = (0.5999,0.3450,0.0550)
(0.0,1.0,0.5,0.4,0.1,0.5) = (0.4738,0.4603,0.0659)
(0.0,1.0,0.5,0.5,0.1,0.5) = (0.3745,0.5829,0.0426)
(0.0,1.0,0.5,0.6,0.1,0.5) = (0.3108,0.6100,0.0792)
(0.0,1.0,0.5,0.7,0.1,0.5) = (0.3557,0.5805,0.0638)
(0.0,1.0,0.5,0.8,0.1,0.5) = (0.3111,0.6378,0.0511)
(0.0,1.0,0.5,0.9,0.1,0.5) = (0.2645,0.6745,0.0610)
(0.0,1.0,0.5,1.0,0.1,0.5) = (0.2668,0.6905,0.0427)
(0.0,1.0,0.6,0.0,0.1,0.5) = (1.0000,0.0000,0.0000)
(0.0,1.0,0.6,0.1,0.1,0.5) = (0.0000,0.0000,1.0000)
(0.0,1.0,0.6,0.2,0.1,0.5) = (0.6476,0.2921,0.0602)
(0.0,1.0,0.6,0.3,0.1,0.5) = (0.6147,0.3371,0.0481)
(0.0,1.0,0.6,0.4,0.1,0.5) = (0.4637,0.4754,0.0609)
(0.0,1.0,0.6,0.5,0.1,0.5) = (0.4217,0.5208,0.0575)
(0.0,1.0,0.6,0.6,0.1,0.5) = (0.3826,0.5635,0.0539)
(0.0,1.0,0.6,0.7,0.1,0.5) = (1.0000,0.0000,0.0000)
(0.0,1.0,0.6,0.8,0.1,0.5) = (1.0000,0.0000,0.0000)
(0.0,1.0,0.6,0.9,0.1,0.5) = (1.0000,0.0000,0.0000)
(0.0,1.0,0.6,1.0,0.1,0.5) = (1.0000,0.0000,0.0000)
(0.0,1.0,0.7,0.0,0.1,0.5) = (1.0000,0.0000,0.0000)
(0.0,1.0,0.7,0.1,0.1,0.5) = (0.0000,0.0000,1.0000)
(0.0,1.0,0.7,0.2,0.1,0.5) = (0.6053,0.3305,0.0642)
(0.0,1.0,0.7,0.3,0.1,0.5) = (0.5458,0.4183,0.0359)
(0.0,1.0,0.7,0.4,0.1,0.5) = (0.3632,0.5900,0.0468)
(0.0,1.0,0.7,0.5,0.1,0.5) = (0.5402,0.3984,0.0614)
(0.0,1.0,0.7,0.6,0.1,0.5) = (0.2810,0.6770,0.0420)
(0.0,1.0,0.7,0.7,0.1,0.5) = (0.3298,0.6318,0.0384)
(0.0,1.0,0.7,0.8,0.1,0.5) = (1.0000,0.0000,0.0000)
(0.0,1.0,0.7,0.9,0.1,0.5) = (1.0000,0.0000,0.0000)
(0.0,1.0,0.7,1.0,0.1,0.5) = (1.0000,0.0000,0.0000)
(0.0,1.0,0.8,0.0,0.1,0.5) = (1.0000,0.0000,0.0000)
(0.0,1.0,0.8,0.1,0.1,0.5) = (0.7076,0.2509,0.0416)
(0.0,1.0,0.8,0.2,0.1,0.5) = (0.4866,0.4676,0.0458)
(0.0,1.0,0.8,0.3,0.1,0.5) = (0.4960,0.4586,0.0454)
(0.0,1.0,0.8,0.4,0.1,0.5) = (0.4535,0.4885,0.0580)
(0.0,1.0,0.8,0.5,0.1,0.5) = (1.0000,0.0000,0.0000)
(0.0,1.0,0.8,0.6,0.1,0.5) = (1.0000,0.0000,0.0000)
(0.0,1.0,0.8,0.7,0.1,0.5) = (1.0000,0.0000,0.0000)
(0.0,1.0,0.8,0.8,0.1,0.5) = (1.0000,0.0000,0.0000)
(0.0,1.0,0.8,0.9,0.1,0.5) = (1.0000,0.0000,0.0000)
(0.0,1.0,0.8,1.0,0.1,0.5) = (1.0000,0.0000,0.0000)
(0.0,1.0,0.9,0.0,0.1,0.5) = (1.0000,0.0000,0.0000)
(0.0,1.0,0.9,0.1,0.1,0.5) = (1.0000,0.0000,0.0000)
(0.0,1.0,0.9,0.2,0.1,0.5) = (1.0000,0.0000,0.0000)
(0.0,1.0,0.9,0.3,0.1,0.5) = (0.4500,0.4877,0.0623)
(0.0,1.0,0.9,0.4,0.1,0.5) = (0.4289,0.5354,0.0357)
(0.0,1.0,0.9,0.5,0.1,0.5) = (1.0000,0.0000,0.0000)
(0.0,1.0,0.9,0.6,0.1,0.5) = (1.0000,0.0000,0.0000)
(0.0,1.0,0.9,0.7,0.1,0.5) = (1.0000,0.0000,0.0000)
(0.0,1.0,0.9,0.8,0.1,0.5) = (1.0000,0.0000,0.0000)
(0.0,1.0,0.9,0.9,0.1,0.5) = (1.0000,0.0000,0.0000)
(0.0,1.0,0.9,1.0,0.1,0.5) = (1.0000,0.0000,0.0000)
(0.0,1.0,1.0,0.0,0.1,0.5) = (1.0000,0.0000,0.0000)
(0.0,1.0,1.0,0.1,0.1,0.5) = (0.7277,0.2466,0.0258)
(0.0,1.0,1.0,0.2,0.1,0.5) = (0.4511,0.5222,0.0267)
(0.0,1.0,1.0,0.3,0.1,0.5) = (1.0000,0.0000,0.0000)
(0.0,1.0,1.0,0.4,0.1,0.5) = (1.0000,0.0000,0.0000)
(0.0,1.0,1.0,0.5,0.1,0.5) = (1.0000,0.0000,0.0000)
(0.0,1.0,1.0,0.6,0.1,0.5) = (1.0000,0.0000,0.0000)
(0.0,1.0,1.0,0.7,0.1,0.5) = (1.0000,0.0000,0.0000)
(0.0,1.0,1.0,0.8,0.1,0.5) = (1.0000,0.0000,0.0000)
(0.0,1.0,1.0,0.9,0.1,0.5) = (1.0000,0.0000,0.0000)
(0.0,1.0,1.0,1.0,0.1,0.5) = (1.0000,0.0000,0.0000)
(0.0,1.1,0.0,0.0,0.1,0.5) = (1.0000,0.0000,0.0000)
(0.0,1.1,0.0,0.1,0.1,0.5) = (1.0000,0.0000,0.0000)
(0.0,1.1,0.0,0.2,0.1,0.5) = (1.0000,0.0000,0.0000)
(0.0,1.1,0.0,0.3,0.1,0.5) = (1.0000,0.0000,0.0000)
(0.0,1.1,0.0,0.4,0.1,0.5) = (1.0000,0.0000,0.0000)
(0.0,1.1,0.0,0.5,0.1,0.5) = (0.8146,0.0000,0.1854)
(0.0,1.1,0.0,0.6,0.1,0.5) = (0.6536,0.0000,0.3464)
(0.0,1.1,0.0,0.7,0.1,0.5) = (0.5653,0.0000,0.4347)
(0.0,1.1,0.0,0.8,0.1,0.5) = (0.4845,0.0000,0.5155)
(0.0,1.1,0.0,0.9,0.1,0.5) = (0.4157,0.0000,0.5843)
(0.0,1.1,0.0,1.0,0.1,0.5) = (0.3569,0.0000,0.6431)
(0.0,1.1,0.1,0.0,0.1,0.5) = (1.0000,0.0000,0.0000)
(0.0,1.1,0.1,0.1,0.1,0.5) = (1.0000,0.0000,0.0000)
(0.0,1.1,0.1,0.2,0.1,0.5) = (1.0000,0.0000,0.0000)
(0.0,1.1,0.1,0.3,0.1,0.5) = (1.0000,0.0000,0.0000)
(0.0,1.1,0.1,0.4,0.1,0.5) = (1.0000,0.0000,0.0000)
(0.0,1.1,0.1,0.5,0.1,0.5) = (0.6921,0.0000,0.3080)
(0.0,1.1,0.1,0.6,0.1,0.5) = (0.5643,0.0000,0.4357)
(0.0,1.1,0.1,0.7,0.1,0.5) = (0.4699,0.0000,0.5301)
(0.0,1.1,0.1,0.8,0.1,0.5) = (0.3848,0.0000,0.6152)
(0.0,1.1,0.1,0.9,0.1,0.5) = (0.3151,0.2715,0.4134)
(0.0,1.1,0.1,1.0,0.1,0.5) = (0.2590,0.4013,0.3397)
(0.0,1.1,0.2,0.0,0.1,0.5) = (1.0000,0.0000,0.0000)
(0.0,1.1,0.2,0.1,0.1,0.5) = (1.0000,0.0000,0.0000)
(0.0,1.1,0.2,0.2,0.1,0.5) = (1.0000,0.0000,0.0000)
(0.0,1.1,0.2,0.3,0.1,0.5) = (1.0000,0.0000,0.0000)
(0.0,1.1,0.2,0.4,0.1,0.5) = (0.7659,0.0000,0.2341)
(0.0,1.1,0.2,0.5,0.1,0.5) = (0.5710,0.0000,0.4290)
(0.0,1.1,0.2,0.6,0.1,0.5) = (0.4551,0.0000,0.5449)
(0.0,1.1,0.2,0.7,0.1,0.5) = (0.3688,0.2507,0.3805)
(0.0,1.1,0.2,0.8,0.1,0.5) = (0.3018,0.3765,0.3216)
(0.0,1.1,0.2,0.9,0.1,0.5) = (0.2634,0.4741,0.2626)
(0.0,1.1,0.2,1.0,0.1,0.5) = (0.2346,0.5303,0.2351)
(0.0,1.1,0.3,0.0,0.1,0.5) = (1.0000,0.0000,0.0000)
(0.0,1.1,0.3,0.1,0.1,0.5) = (1.0000,0.0000,0.0000)
(0.0,1.1,0.3,0.2,0.1,0.5) = (1.0000,0.0000,0.0000)
(0.0,1.1,0.3,0.3,0.1,0.5) = (1.0000,0.0000,0.0000)
(0.0,1.1,0.3,0.4,0.1,0.5) = (0.5867,0.0000,0.4133)
(0.0,1.1,0.3,0.5,0.1,0.5) = (0.4481,0.1670,0.3849)
(0.0,1.1,0.3,0.6,0.1,0.5) = (0.3814,0.3281,0.2906)
(0.0,1.1,0.3,0.7,0.1,0.5) = (0.3259,0.4276,0.2465)
(0.0,1.1,0.3,0.8,0.1,0.5) = (0.2955,0.4816,0.2229)
(0.0,1.1,0.3,0.9,0.1,0.5) = (0.2512,0.5533,0.1955)
(0.0,1.1,0.3,1.0,0.1,0.5) = (0.2239,0.5908,0.1853)
(0.0,1.1,0.4,0.0,0.1,0.5) = (1.0000,0.0000,0.0000)
(0.0,1.1,0.4,0.1,0.1,0.5) = (1.0000,0.0000,0.0000)
(0.0,1.1,0.4,0.2,0.1,0.5) = (1.0000,0.0000,0.0000)
(0.0,1.1,0.4,0.3,0.1,0.5) = (0.6045,0.0000,0.3956)
(0.0,1.1,0.4,0.4,0.1,0.5) = (0.4829,0.2278,0.2893)
(0.0,1.1,0.4,0.5,0.1,0.5) = (0.4244,0.3226,0.2530)
(0.0,1.1,0.4,0.6,0.1,0.5) = (0.3523,0.4365,0.2112)
(0.0,1.1,0.4,0.7,0.1,0.5) = (0.3181,0.4848,0.1971)
(0.0,1.1,0.4,0.8,0.1,0.5) = (0.2736,0.5547,0.1717)
(0.0,1.1,0.4,0.9,0.1,0.5) = (0.2360,0.6129,0.1511)
(0.0,1.1,0.4,1.0,0.1,0.5) = (0.2193,0.6170,0.1637)
(0.0,1.1,0.5,0.0,0.1,0.5) = (1.0000,0.0000,0.0000)
(0.0,1.1,0.5,0.1,0.1,0.5) = (1.0000,0.0000,0.0000)
(0.0,1.1,0.5,0.2,0.1,0.5) = (0.6341,0.0000,0.3659)
(0.0,1.1,0.5,0.3,0.1,0.5) = (0.5616,0.1920,0.2464)
(0.0,1.1,0.5,0.4,0.1,0.5) = (0.4598,0.3424,0.1978)
(0.0,1.1,0.5,0.5,0.1,0.5) = (0.3901,0.4274,0.1825)
(0.0,1.1,0.5,0.6,0.1,0.5) = (0.3469,0.4728,0.1803)
(0.0,1.1,0.5,0.7,0.1,0.5) = (0.2979,0.5374,0.1647)
(0.0,1.1,0.5,0.8,0.1,0.5) = (0.2578,0.5921,0.1501)
(0.0,1.1,0.5,0.9,0.1,0.5) = (0.2411,0.6349,0.1240)
(0.0,1.1,0.5,1.0,0.1,0.5) = (0.2333,0.6505,0.1162)
(0.0,1.1,0.6,0.0,0.1,0.5) = (1.0000,0.0000,0.0000)
(0.0,1.1,0.6,0.1,0.1,0.5) = (0.4833,0.0000,0.5168)
(0.0,1.1,0.6,0.2,0.1,0.5) = (0.6638,0.1496,0.1866)
(0.0,1.1,0.6,0.3,0.1,0.5) = (0.5378,0.2812,0.1810)
(0.0,1.1,0.6,0.4,0.1,0.5) = (0.4353,0.4181,0.1466)
(0.0,1.1,0.6,0.5,0.1,0.5) = (0.3683,0.4802,0.1515)
(0.0,1.1,0.6,0.6,0.1,0.5) = (0.3558,0.5033,0.1409)
(0.0,1.1,0.6,0.7,0.1,0.5) = (0.2964,0.5807,0.1229)
(0.0,1.1,0.6,0.8,0.1,0.5) = (0.2764,0.6020,0.1216)
(0.0,1.1,0.6,0.9,0.1,0.5) = (0.2145,0.6729,0.1125)
(0.0,1.1,0.6,1.0,0.1,0.5) = (0.2367,0.6605,0.1027)
(0.0,1.1,0.7,0.0,0.1,0.5) = (1.0000,0.0000,0.0000)
(0.0,1.1,0.7,0.1,0.1,0.5) = (0.7558,0.1298,0.1144)
(0.0,1.1,0.7,0.2,0.1,0.5) = (0.5486,0.2965,0.1548)
(0.0,1.1,0.7,0.3,0.1,0.5) = (0.4835,0.3746,0.1419)
(0.0,1.1,0.7,0.4,0.1,0.5) = (0.3891,0.4769,0.1340)
(0.0,1.1,0.7,0.5,0.1,0.5) = (0.3620,0.5102,0.1278)
(0.0,1.1,0.7,0.6,0.1,0.5) = (0.3002,0.5961,0.1037)
(0.0,1.1,0.7,0.7,0.1,0.5) = (0.2950,0.5935,0.1115)
(0.0,1.1,0.7,0.8,0.1,0.5) = (0.2730,0.6098,0.1172)
(0.0,1.1,0.7,0.9,0.1,0.5) = (0.2305,0.6533,0.1162)
(0.0,1.1,0.7,1.0,0.1,0.5) = (0.1977,0.7008,0.1015)
(0.0,1.1,0.8,0.0,0.1,0.5) = (0.0000,0.0000,1.0000)
(0.0,1.1,0.8,0.1,0.1,0.5) = (0.7206,0.1594,0.1200)
(0.0,1.1,0.8,0.2,0.1,0.5) = (0.5486,0.3342,0.1172)
(0.0,1.1,0.8,0.3,0.1,0.5) = (0.4596,0.4125,0.1279)
(0.0,1.1,0.8,0.4,0.1,0.5) = (0.4001,0.4684,0.1315)
(0.0,1.1,0.8,0.5,0.1,0.5) = (0.3585,0.5066,0.1349)
(0.0,1.1,0.8,0.6,0.1,0.5) = (0.3019,0.5890,0.1091)
(0.0,1.1,0.8,0.7,0.1,0.5) = (0.2517,0.6364,0.1119)
(0.0,1.1,0.8,0.8,0.1,0.5) = (0.2517,0.6364,0.1119)
(0.0,1.1,0.8,0.9,0.1,0.5) = (0.2517,0.6364,0.1119)
(0.0,1.1,0.8,1.0,0.1,0.5) = (0.2517,0.6364,0.1119)
(0.0,1.1,0.9,0.0,0.1,0.5) = (0.2517,0.6364,0.1119)
(0.0,1.1,0.9,0.1,0.1,0.5) = (0.2517,0.6364,0.1119)
(0.0,1.1,0.9,0.2,0.1,0.5) = (0.2517,0.6364,0.1119)
(0.1,1.0,0.0,0.0,0.1,0.5) = (1.0000,0.0000,0.0000)
(0.1,1.0,0.0,0.1,0.1,0.5) = (1.0000,0.0000,0.0000)
(0.1,1.0,0.0,0.2,0.1,0.5) = (1.0000,0.0000,0.0000)
(0.1,1.0,0.0,0.3,0.1,0.5) = (1.0000,0.0000,0.0000)
(0.1,1.0,0.0,0.4,0.1,0.5) = (1.0000,0.0000,0.0000)
(0.1,1.0,0.0,0.5,0.1,0.5) = (0.6974,0.0000,0.3026)
(0.1,1.0,0.0,0.6,0.1,0.5) = (0.5633,0.0000,0.4368)
(0.1,1.0,0.0,0.7,0.1,0.5) = (0.4626,0.0000,0.5374)
(0.1,1.0,0.0,0.8,0.1,0.5) = (0.3269,0.2009,0.4722)
(0.1,1.0,0.0,0.9,0.1,0.5) = (0.1829,0.5566,0.2606)
(0.1,1.0,0.0,1.0,0.1,0.5) = (0.1132,0.7250,0.1618)
(0.1,1.0,0.1,0.0,0.1,0.5) = (1.0000,0.0000,0.0000)
(0.1,1.0,0.1,0.1,0.1,0.5) = (1.0000,0.0000,0.0000)
(0.1,1.0,0.1,0.2,0.1,0.5) = (1.0000,0.0000,0.0000)
(0.1,1.0,0.1,0.3,0.1,0.5) = (1.0000,0.0000,0.0000)
(0.1,1.0,0.1,0.4,0.1,0.5) = (0.7746,0.0000,0.2254)
(0.1,1.0,0.1,0.5,0.1,0.5) = (0.5750,0.0000,0.4250)
(0.1,1.0,0.1,0.6,0.1,0.5) = (0.3533,0.3169,0.3298)
(0.1,1.0,0.1,0.7,0.1,0.5) = (0.2190,0.5428,0.2381)
(0.1,1.0,0.1,0.8,0.1,0.5) = (0.1552,0.6771,0.1678)
(0.1,1.0,0.1,0.9,0.1,0.5) = (0.1192,0.7549,0.1260)
(0.1,1.0,0.1,1.0,0.1,0.5) = (0.1008,0.8127,0.0864)
(0.1,1.0,0.2,0.0,0.1,0.5) = (1.0000,0.0000,0.0000)
(0.1,1.0,0.2,0.1,0.1,0.5) = (1.0000,0.0000,0.0000)
(0.1,1.0,0.2,0.2,0.1,0.5) = (1.0000,0.0000,0.0000)
(0.1,1.0,0.2,0.3,0.1,0.5) = (1.0000,0.0000,0.0000)
(0.1,1.0,0.2,0.4,0.1,0.5) = (0.5491,0.1132,0.3377)
(0.1,1.0,0.2,0.5,0.1,0.5) = (0.3302,0.4526,0.2172)
(0.1,1.0,0.2,0.6,0.1,0.5) = (0.2375,0.5958,0.1667)
(0.1,1.0,0.2,0.7,0.1,0.5) = (0.1661,0.7098,0.1241)
(0.1,1.0,0.2,0.8,0.1,0.5) = (0.1244,0.7774,0.0983)
(0.1,1.0,0.2,0.9,0.1,0.5) = (0.1562,0.7778,0.0660)
(0.1,1.0,0.2,1.0,0.1,0.5) = (0.1208,0.8289,0.0503)
(0.1,1.0,0.3,0.0,0.1,0.5) = (1.0000,0.0000,0.0000)
(0.1,1.0,0.3,0.1,0.1,0.5) = (1.0000,0.0000,0.0000)
(0.1,1.0,0.3,0.2,0.1,0.5) = (1.0000,0.0000,0.0000)
(0.1,1.0,0.3,0.3,0.1,0.5) = (0.6067,0.1543,0.2389)
(0.1,1.0,0.3,0.4,0.1,0.5) = (0.3820,0.4597,0.1583)
(0.1,1.0,0.3,0.5,0.1,0.5) = (0.2722,0.5950,0.1328)
(0.1,1.0,0.3,0.6,0.1,0.5) = (0.1909,0.6926,0.1165)
(0.1,1.0,0.3,0.7,0.1,0.5) = (0.1555,0.7529,0.0916)
(0.1,1.0,0.3,0.8,0.1,0.5) = (0.1387,0.7903,0.0710)
(0.1,1.0,0.3,0.9,0.1,0.5) = (0.1137,0.8212,0.0652)
(0.1,1.0,0.3,1.0,0.1,0.5) = (1.0000,0.0000,0.0000)
(0.1,1.0,0.4,0.0,0.1,0.5) = (1.0000,0.0000,0.0000)
(0.1,1.0,0.4,0.1,0.1,0.5) = (1.0000,0.0000,0.0000)
(0.1,1.0,0.4,0.2,0.1,0.5) = (0.7040,0.0869,0.2092)
(0.1,1.0,0.4,0.3,0.1,0.5) = (0.4576,0.4172,0.1252)
(0.1,1.0,0.4,0.4,0.1,0.5) = (0.3192,0.5685,0.1123)
(0.1,1.0,0.4,0.5,0.1,0.5) = (0.2029,0.7108,0.0863)
(0.1,1.0,0.4,0.6,0.1,0.5) = (0.1854,0.7218,0.0928)
(0.1,1.0,0.4,0.7,0.1,0.5) = (0.1719,0.7651,0.0630)
(0.1,1.0,0.4,0.8,0.1,0.5) = (0.1736,0.7914,0.0350)
(0.1,1.0,0.4,0.9,0.1,0.5) = (0.1721,0.7604,0.0674)
(0.1,1.0,0.4,1.0,0.1,0.5) = (0.2130,0.6934,0.0935)
(0.1,1.0,0.5,0.0,0.1,0.5) = (1.0000,0.0000,0.0000)
(0.1,1.0,0.5,0.1,0.1,0.5) = (0.5070,0.0000,0.4930)
(0.1,1.0,0.5,0.2,0.1,0.5) = (0.5264,0.3296,0.1440)
(0.1,1.0,0.5,0.3,0.1,0.5) = (0.3562,0.5397,0.1042)
(0.1,1.0,0.5,0.4,0.1,0.5) = (0.3636,0.5339,0.1026)
(0.1,1.0,0.5,0.5,0.1,0.5) = (0.2321,0.7156,0.0523)
(0.1,1.0,0.5,0.6,0.1,0.5) = (0.1949,0.7367,0.0684)
(0.1,1.0,0.5,0.7,0.1,0.5) = (0.2206,0.7261,0.0533)
(0.1,1.0,0.5,0.8,0.1,0.5) = (0.1266,0.8344,0.0390)
(0.1,1.0,0.5,0.9,0.1,0.5) = (1.0000,0.0000,0.0000)
(0.1,1.0,0.5,1.0,0.1,0.5) = (1.0000,0.0000,0.0000)
(0.1,1.0,0.6,0.0,0.1,0.5) = (1.0000,0.0000,0.0000)
(0.1,1.0,0.6,0.1,0.1,0.5) = (0.7803,0.1643,0.0554)
(0.1,1.0,0.6,0.2,0.1,0.5) = (0.4889,0.4313,0.0798)
(0.1,1.0,0.6,0.3,0.1,0.5) = (0.3408,0.5699,0.0892)
(0.1,1.0,0.6,0.4,0.1,0.5) = (0.2798,0.6500,0.0703)
(0.1,1.0,0.6,0.5,0.1,0.5) = (0.2590,0.6736,0.0674)
(0.1,1.0,0.6,0.6,0.1,0.5) = (0.1854,0.7463,0.0683)
(0.1,1.0,0.6,0.7,0.1,0.5) = (0.1515,0.7968,0.0517)
(0.1,1.0,0.6,0.8,0.1,0.5) = (1.0000,0.0000,0.0000)
(0.1,1.0,0.6,0.9,0.1,0.5) = (1.0000,0.0000,0.0000)
(0.1,1.0,0.6,1.0,0.1,0.5) = (1.0000,0.0000,0.0000)
(0.1,1.0,0.7,0.0,0.1,0.5) = (0.0000,0.0000,1.0000)
(0.1,1.0,0.7,0.1,0.1,0.5) = (0.5870,0.3530,0.0600)
(0.1,1.0,0.7,0.2,0.1,0.5) = (0.3792,0.5561,0.0646)
(0.1,1.0,0.7,0.3,0.1,0.5) = (0.3424,0.5844,0.0732)
(0.1,1.0,0.7,0.4,0.1,0.5) = (0.2506,0.6733,0.0761)
(0.1,1.0,0.7,0.5,0.1,0.5) = (1.0000,0.0000,0.0000)
(0.1,1.0,0.7,0.6,0.1,0.5) = (0.1924,0.7405,0.0671)
(0.1,1.0,0.7,0.7,0.1,0.5) = (1.0000,0.0000,0.0000)
(0.1,1.0,0.7,0.8,0.1,0.5) = (0.0000,1.0000,0.0000)
(0.1,1.0,0.7,0.9,0.1,0.5) = (1.0000,0.0000,0.0000)
(0.1,1.0,0.7,1.0,0.1,0.5) = (1.0000,0.0000,0.0000)
(0.1,1.0,0.8,0.0,0.1,0.5) = (0.7841,0.1905,0.0254)
(0.1,1.0,0.8,0.1,0.1,0.5) = (0.4847,0.4332,0.0820)
(0.1,1.0,0.8,0.2,0.1,0.5) = (0.3774,0.5704,0.0523)
(0.1,1.0,0.8,0.3,0.1,0.5) = (0.4007,0.5369,0.0625)
(0.1,1.0,0.8,0.4,0.1,0.5) = (0.2519,0.6268,0.1213)
(0.1,1.0,0.8,0.5,0.1,0.5) = (0.2007,0.7218,0.0775)
(0.1,1.0,0.8,0.6,0.1,0.5) = (0.1574,0.8178,0.0248)
(0.1,1.0,0.8,0.7,0.1,0.5) = (1.0000,0.0000,0.0000)
(0.1,1.0,0.8,0.8,0.1,0.5) = (0.0000,1.0000,0.0000)
(0.1,1.0,0.8,0.9,0.1,0.5) = (1.0000,0.0000,0.0000)
(0.1,1.0,0.8,1.0,0.1,0.5) = (0.0000,1.0000,0.0000)
(0.1,1.0,0.9,0.0,0.1,0.5) = (0.6838,0.2863,0.0299)
(0.1,1.0,0.9,0.1,0.1,0.5) = (0.4198,0.5088,0.0715)
(0.1,1.0,0.9,0.2,0.1,0.5) = (0.3554,0.6012,0.0434)
(0.1,1.0,0.9,0.3,0.1,0.5) = (0.2649,0.6895,0.0456)
(0.1,1.0,0.9,0.4,0.1,0.5) = (1.0000,0.0000,0.0000)
(0.1,1.0,0.9,0.5,0.1,0.5) = (0.2183,0.7266,0.0552)
(0.1,1.0,0.9,0.6,0.1,0.5) = (1.0000,0.0000,0.0000)
(0.1,1.0,0.9,0.7,0.1,0.5) = (1.0000,0.0000,0.0000)
(0.1,1.0,0.9,0.8,0.1,0.5) = (0.2376,0.7374,0.0250)
(0.1,1.0,0.9,0.9,0.1,0.5) = (0.0000,1.0000,0.0000)
(0.1,1.0,0.9,1.0,0.1,0.5) = (1.0000,0.0000,0.0000)
(0.1,1.0,1.0,0.0,0.1,0.5) = (0.4693,0.4537,0.0770)
(0.1,1.0,1.0,0.1,0.1,0.5) = (0.3702,0.5817,0.0481)
(0.1,1.0,1.0,0.2,0.1,0.5) = (0.3670,0.5891,0.0439)
(0.1,1.0,1.0,0.3,0.1,0.5) = (1.0000,0.0000,0.0000)
(0.1,1.0,1.0,0.4,0.1,0.5) = (1.0000,0.0000,0.0000)
(0.1,1.0,1.0,0.5,0.1,0.5) = (1.0000,0.0000,0.0000)
(0.1,1.0,1.0,0.6,0.1,0.5) = (1.0000,0.0000,0.0000)
(0.1,1.0,1.0,0.7,0.1,0.5) = (1.0000,0.0000,0.0000)
(0.1,1.0,1.0,0.8,0.1,0.5) = (0.0000,1.0000,0.0000)
(0.1,1.0,1.0,0.9,0.1,0.5) = (1.0000,0.0000,0.0000)
(0.1,1.0,1.0,1.0,0.1,0.5) = (0.0000,1.0000,0.0000)
(0.2,1.0,0.0,0.0,0.1,0.5) = (1.0000,0.0000,0.0000)
(0.2,1.0,0.0,0.1,0.1,0.5) = (1.0000,0.0000,0.0000)
(0.2,1.0,0.0,0.2,0.1,0.5) = (1.0000,0.0000,0.0000)
(0.2,1.0,0.0,0.3,0.1,0.5) = (1.0000,0.0000,0.0000)
(0.2,1.0,0.0,0.4,0.1,0.5) = (1.0000,0.0000,0.0000)
(0.2,1.0,0.0,0.5,0.1,0.5) = (0.6879,0.0000,0.3121)
(0.2,1.0,0.0,0.6,0.1,0.5) = (0.5661,0.0000,0.4339)
(0.2,1.0,0.0,0.7,0.1,0.5) = (0.4693,0.0000,0.5307)
(0.2,1.0,0.0,0.8,0.1,0.5) = (0.3912,0.0000,0.6088)
(0.2,1.0,0.0,0.9,0.1,0.5) = (0.3180,0.0000,0.6820)
(0.2,1.0,0.0,1.0,0.1,0.5) = (0.1772,0.2029,0.6199)
(0.2,1.0,0.1,0.0,0.1,0.5) = (1.0000,0.0000,0.0000)
(0.2,1.0,0.1,0.1,0.1,0.5) = (1.0000,0.0000,0.0000)
(0.2,1.0,0.1,0.2,0.1,0.5) = (1.0000,0.0000,0.0000)
(0.2,1.0,0.1,0.3,0.1,0.5) = (1.0000,0.0000,0.0000)
(0.2,1.0,0.1,0.4,0.1,0.5) = (0.7718,0.0000,0.2282)
(0.2,1.0,0.1,0.5,0.1,0.5) = (0.5784,0.0000,0.4217)
(0.2,1.0,0.1,0.6,0.1,0.5) = (0.4405,0.0000,0.5595)
(0.2,1.0,0.1,0.7,0.1,0.5) = (0.3427,0.0000,0.6573)
(0.2,1.0,0.1,0.8,0.1,0.5) = (0.0000,0.6814,0.3186)
(0.2,1.0,0.1,0.9,0.1,0.5) = (0.0000,0.6818,0.3182)
(0.2,1.0,0.1,1.0,0.1,0.5) = (0.0000,0.6796,0.3204)
(0.2,1.0,0.2,0.0,0.1,0.5) = (1.0000,0.0000,0.0000)
(0.2,1.0,0.2,0.1,0.1,0.5) = (1.0000,0.0000,0.0000)
(0.2,1.0,0.2,0.2,0.1,0.5) = (1.0000,0.0000,0.0000)
(0.2,1.0,0.2,0.3,0.1,0.5) = (1.0000,0.0000,0.0000)
(0.2,1.0,0.2,0.4,0.1,0.5) = (0.5821,0.0000,0.4178)
(0.2,1.0,0.2,0.5,0.1,0.5) = (0.2909,0.2075,0.5016)
(0.2,1.0,0.2,0.6,0.1,0.5) = (0.0000,0.6685,0.3315)
(0.2,1.0,0.2,0.7,0.1,0.5) = (0.0000,0.6768,0.3232)
(0.2,1.0,0.2,0.8,0.1,0.5) = (0.0000,0.6786,0.3214)
(0.2,1.0,0.2,0.9,0.1,0.5) = (0.0000,0.6856,0.3144)
(0.2,1.0,0.2,1.0,0.1,0.5) = (0.0000,0.6783,0.3217)
(0.2,1.0,0.3,0.0,0.1,0.5) = (1.0000,0.0000,0.0000)
(0.2,1.0,0.3,0.1,0.1,0.5) = (1.0000,0.0000,0.0000)
(0.2,1.0,0.3,0.2,0.1,0.5) = (1.0000,0.0000,0.0000)
(0.2,1.0,0.3,0.3,0.1,0.5) = (0.6111,0.0000,0.3889)
(0.2,1.0,0.3,0.4,0.1,0.5) = (0.0000,0.6787,0.3213)
(0.2,1.0,0.3,0.5,0.1,0.5) = (0.0000,0.6793,0.3207)
(0.2,1.0,0.3,0.6,0.1,0.5) = (0.0000,0.6798,0.3202)
(0.2,1.0,0.3,0.7,0.1,0.5) = (0.0000,0.6685,0.3315)
(0.2,1.0,0.3,0.8,0.1,0.5) = (0.0000,0.6692,0.3308)
(0.2,1.0,0.3,0.9,0.1,0.5) = (0.0000,0.6740,0.3260)
(0.2,1.0,0.3,1.0,0.1,0.5) = (0.0000,0.6724,0.3276)
(0.2,1.0,0.4,0.0,0.1,0.5) = (1.0000,0.0000,0.0000)
(0.2,1.0,0.4,0.1,0.1,0.5) = (1.0000,0.0000,0.0000)
(0.2,1.0,0.4,0.2,0.1,0.5) = (0.0000,0.6795,0.3205)
(0.2,1.0,0.4,0.3,0.1,0.5) = (0.0000,0.6751,0.3249)
(0.2,1.0,0.4,0.4,0.1,0.5) = (0.0000,0.6722,0.3278)
(0.2,1.0,0.4,0.5,0.1,0.5) = (0.0000,0.6773,0.3227)
(0.2,1.0,0.4,0.6,0.1,0.5) = (0.0000,0.6727,0.3273)
(0.2,1.0,0.4,0.7,0.1,0.5) = (0.0000,0.6711,0.3290)
(0.2,1.0,0.4,0.8,0.1,0.5) = (0.0000,0.6803,0.3197)
(0.2,1.0,0.4,0.9,0.1,0.5) = (0.0000,0.6756,0.3244)
(0.2,1.0,0.4,1.0,0.1,0.5) = (0.0000,0.6755,0.3245)
(0.2,1.0,0.5,0.0,0.1,0.5) = (1.0000,0.0000,0.0000)
(0.2,1.0,0.5,0.1,0.1,0.5) = (0.0000,0.6798,0.3202)
(0.2,1.0,0.5,0.2,0.1,0.5) = (0.0000,0.6798,0.3202)
(0.2,1.0,0.5,0.3,0.1,0.5) = (0.0000,0.6818,0.3182)
(0.2,1.0,0.5,0.4,0.1,0.5) = (0.0000,0.6700,0.3300)
(0.2,1.0,0.5,0.5,0.1,0.5) = (0.0000,0.6815,0.3185)
(0.2,1.0,0.5,0.6,0.1,0.5) = (0.0000,0.6731,0.3269)
(0.2,1.0,0.5,0.7,0.1,0.5) = (0.0000,0.6673,0.3327)
(0.2,1.0,0.5,0.8,0.1,0.5) = (0.0000,0.6691,0.3309)
(0.2,1.0,0.5,0.9,0.1,0.5) = (0.0000,0.6768,0.3231)
(0.2,1.0,0.5,1.0,0.1,0.5) = (0.0000,0.6697,0.3302)
(0.2,1.0,0.6,0.0,0.1,0.5) = (0.0000,0.6789,0.3211)
(0.2,1.0,0.6,0.1,0.1,0.5) = (0.0000,0.6693,0.3307)
(0.2,1.0,0.6,0.2,0.1,0.5) = (0.0000,0.6675,0.3325)
(0.2,1.0,0.6,0.3,0.1,0.5) = (0.0000,0.6668,0.3332)
(0.2,1.0,0.6,0.4,0.1,0.5) = (0.0000,0.6758,0.3242)
(0.2,1.0,0.6,0.5,0.1,0.5) = (0.0000,0.6748,0.3252)
(0.2,1.0,0.6,0.6,0.1,0.5) = (0.0000,0.6788,0.3212)
(0.2,1.0,0.6,0.7,0.1,0.5) = (0.0000,0.6819,0.3181)
(0.2,1.0,0.6,0.8,0.1,0.5) = (0.0000,0.6769,0.3231)
(0.2,1.0,0.6,0.9,0.1,0.5) = (0.0000,0.6720,0.3280)
(0.2,1.0,0.6,1.0,0.1,0.5) = (0.0000,0.6751,0.3249)
(0.2,1.0,0.7,0.0,0.1,0.5) = (0.0000,0.6780,0.3220)
(0.2,1.0,0.7,0.1,0.1,0.5) = (0.0000,0.6683,0.3317)
(0.2,1.0,0.7,0.2,0.1,0.5) = (0.0000,0.6754,0.3246)
(0.2,1.0,0.7,0.3,0.1,0.5) = (0.0000,0.6733,0.3267)
(0.2,1.0,0.7,0.4,0.1,0.5) = (0.0000,0.6727,0.3273)
(0.2,1.0,0.7,0.5,0.1,0.5) = (0.0000,0.6733,0.3267)
(0.2,1.0,0.7,0.6,0.1,0.5) = (0.0000,0.6754,0.3246)
(0.2,1.0,0.7,0.7,0.1,0.5) = (0.0000,0.6732,0.3268)
(0.2,1.0,0.7,0.8,0.1,0.5) = (0.0000,0.6787,0.3212)
(0.2,1.0,0.7,0.9,0.1,0.5) = (0.0000,0.6784,0.3216)
(0.2,1.0,0.7,1.0,0.1,0.5) = (0.0000,0.6720,0.3280)
(0.2,1.0,0.8,0.0,0.1,0.5) = (0.0000,0.6743,0.3257)
(0.2,1.0,0.8,0.1,0.1,0.5) = (0.0000,0.6734,0.3266)
(0.2,1.0,0.8,0.2,0.1,0.5) = (0.0000,0.6638,0.3362)
(0.2,1.0,0.8,0.3,0.1,0.5) = (0.0000,0.6720,0.3281)
(0.2,1.0,0.8,0.4,0.1,0.5) = (0.0000,0.6746,0.3254)
(0.2,1.0,0.8,0.5,0.1,0.5) = (0.0000,0.6725,0.3275)
(0.2,1.0,0.8,0.6,0.1,0.5) = (0.0000,0.6762,0.3239)
(0.2,1.0,0.8,0.7,0.1,0.5) = (0.0000,0.6618,0.3382)
(0.2,1.0,0.8,0.8,0.1,0.5) = (0.0000,0.6764,0.3236)
(0.2,1.0,0.8,0.9,0.1,0.5) = (0.0000,0.6809,0.3191)
(0.2,1.0,0.8,1.0,0.1,0.5) = (0.0000,0.6734,0.3266)
(0.2,1.0,0.9,0.0,0.1,0.5) = (0.0000,0.6780,0.3220)
(0.2,1.0,0.9,0.1,0.1,0.5) = (0.0000,0.6755,0.3245)
(0.2,1.0,0.9,0.2,0.1,0.5) = (0.0000,0.6747,0.3252)
(0.2,1.0,0.9,0.3,0.1,0.5) = (0.0000,0.6745,0.3255)
(0.2,1.0,0.9,0.4,0.1,0.5) = (0.0000,0.6667,0.3332)
(0.2,1.0,0.9,0.5,0.1,0.5) = (0.0000,0.6685,0.3315)
(0.2,1.0,0.9,0.6,0.1,0.5) = (0.0000,0.6744,0.3256)
(0.2,1.0,0.9,0.7,0.1,0.5) = (0.0000,0.6727,0.3273)
(0.2,1.0,0.9,0.8,0.1,0.5) = (0.0000,0.6756,0.3244)
(0.2,1.0,0.9,0.9,0.1,0.5) = (0.0000,0.6734,0.3266)
(0.2,1.0,0.9,1.0,0.1,0.5) = (0.0000,0.6750,0.3251)
(0.2,1.0,1.0,0.0,0.1,0.5) = (0.0000,0.6751,0.3249)
(0.2,1.0,1.0,0.1,0.1,0.5) = (0.0000,0.6725,0.3275)
(0.2,1.0,1.0,0.2,0.1,0.5) = (0.0000,0.6756,0.3244)
(0.2,1.0,1.0,0.3,0.1,0.5) = (0.0000,0.6716,0.3283)
(0.2,1.0,1.0,0.4,0.1,0.5) = (0.0000,0.6771,0.3229)
(0.2,1.0,1.0,0.5,0.1,0.5) = (0.0000,0.6673,0.3327)
(0.2,1.0,1.0,0.6,0.1,0.5) = (0.0000,0.6649,0.3351)
(0.2,1.0,1.0,0.7,0.1,0.5) = (0.0000,0.6765,0.3235)
(0.2,1.0,1.0,0.8,0.1,0.5) = (0.0000,0.6759,0.3241)
(0.2,1.0,1.0,0.9,0.1,0.5) = (0.0000,0.6828,0.3172)
(0.2,1.0,1.0,1.0,0.1,0.5) = (0.0000,0.6714,0.3286)
(0.3,1.0,0.0,0.0,0.1,0.5) = (1.0000,0.0000,0.0000)
(0.3,1.0,0.0,0.1,0.1,0.5) = (1.0000,0.0000,0.0000)
(0.3,1.0,0.0,0.2,0.1,0.5) = (1.0000,0.0000,0.0000)
(0.3,1.0,0.0,0.3,0.1,0.5) = (1.0000,0.0000,0.0000)
(0.3,1.0,0.0,0.4,0.1,0.5) = (1.0000,0.0000,0.0000)
(0.3,1.0,0.0,0.5,0.1,0.5) = (0.6949,0.0000,0.3051)
(0.3,1.0,0.0,0.6,0.1,0.5) = (0.5593,0.0000,0.4407)
(0.3,1.0,0.0,0.7,0.1,0.5) = (0.4726,0.0000,0.5274)
(0.3,1.0,0.0,0.8,0.1,0.5) = (0.3933,0.0000,0.6067)
(0.3,1.0,0.0,0.9,0.1,0.5) = (0.3090,0.0000,0.6910)
(0.3,1.0,0.0,1.0,0.1,0.5) = (0.2529,0.0000,0.7471)
(0.3,1.0,0.1,0.0,0.1,0.5) = (1.0000,0.0000,0.0000)
(0.3,1.0,0.1,0.1,0.1,0.5) = (1.0000,0.0000,0.0000)
(0.3,1.0,0.1,0.2,0.1,0.5) = (1.0000,0.0000,0.0000)
(0.3,1.0,0.1,0.3,0.1,0.5) = (1.0000,0.0000,0.0000)
(0.3,1.0,0.1,0.4,0.1,0.5) = (0.7802,0.0000,0.2198)
(0.3,1.0,0.1,0.5,0.1,0.5) = (0.5763,0.0000,0.4238)
(0.3,1.0,0.1,0.6,0.1,0.5) = (0.4508,0.0000,0.5492)
(0.3,1.0,0.1,0.7,0.1,0.5) = (0.3502,0.0000,0.6498)
(0.3,1.0,0.1,0.8,0.1,0.5) = (0.2573,0.0000,0.7427)
(0.3,1.0,0.1,0.9,0.1,0.5) = (0.1610,0.0000,0.8390)
(0.3,1.0,0.1,1.0,0.1,0.5) = (0.0400,0.0000,0.9600)
(0.3,1.0,0.2,0.0,0.1,0.5) = (1.0000,0.0000,0.0000)
(0.3,1.0,0.2,0.1,0.1,0.5) = (1.0000,0.0000,0.0000)
(0.3,1.0,0.2,0.2,0.1,0.5) = (1.0000,0.0000,0.0000)
(0.3,1.0,0.2,0.3,0.1,0.5) = (1.0000,0.0000,0.0000)
(0.3,1.0,0.2,0.4,0.1,0.5) = (0.5755,0.0000,0.4245)
(0.3,1.0,0.2,0.5,0.1,0.5) = (0.4128,0.0000,0.5872)
(0.3,1.0,0.2,0.6,0.1,0.5) = (0.2798,0.0000,0.7202)
(0.3,1.0,0.2,0.7,0.1,0.5) = (0.1377,0.0000,0.8623)
(0.3,1.0,0.2,0.8,0.1,0.5) = (0.0000,0.0000,1.0000)
(0.3,1.0,0.2,0.9,0.1,0.5) = (0.0000,0.0000,1.0000)
(0.3,1.0,0.2,1.0,0.1,0.5) = (0.0000,0.0000,1.0000)
(0.3,1.0,0.3,0.0,0.1,0.5) = (1.0000,0.0000,0.0000)
(0.3,1.0,0.3,0.1,0.1,0.5) = (1.0000,0.0000,0.0000)
(0.3,1.0,0.3,0.2,0.1,0.5) = (1.0000,0.0000,0.0000)
(0.3,1.0,0.3,0.3,0.1,0.5) = (0.6086,0.0000,0.3914)
(0.3,1.0,0.3,0.4,0.1,0.5) = (0.3233,0.0000,0.6767)
(0.3,1.0,0.3,0.5,0.1,0.5) = (0.0857,0.0000,0.9143)
(0.3,1.0,0.3,0.6,0.1,0.5) = (0.0000,0.0000,1.0000)
(0.3,1.0,0.3,0.7,0.1,0.5) = (0.0000,0.0000,1.0000)
(0.3,1.0,0.3,0.8,0.1,0.5) = (0.0000,0.0000,1.0000)
(0.3,1.0,0.3,0.9,0.1,0.5) = (0.0000,0.0000,1.0000)
(0.3,1.0,0.3,1.0,0.1,0.5) = (0.0000,0.0000,1.0000)
(0.3,1.0,0.4,0.0,0.1,0.5) = (1.0000,0.0000,0.0000)
(0.3,1.0,0.4,0.1,0.1,0.5) = (1.0000,0.0000,0.0000)
(0.3,1.0,0.4,0.2,0.1,0.5) = (0.6257,0.0000,0.3743)
(0.3,1.0,0.4,0.3,0.1,0.5) = (0.0000,0.0000,1.0000)
(0.3,1.0,0.4,0.4,0.1,0.5) = (0.0000,0.0053,0.9948)
(0.3,1.0,0.4,0.5,0.1,0.5) = (0.0000,0.0000,1.0000)
(0.3,1.0,0.4,0.6,0.1,0.5) = (0.0000,0.0000,1.0000)
(0.3,1.0,0.4,0.7,0.1,0.5) = (0.0000,0.0000,1.0000)
(0.3,1.0,0.4,0.8,0.1,0.5) = (0.0000,0.0000,1.0000)
(0.3,1.0,0.4,0.9,0.1,0.5) = (0.0000,0.0000,1.0000)
(0.3,1.0,0.4,1.0,0.1,0.5) = (0.0000,0.0000,1.0000)
(0.3,1.0,0.5,0.0,0.1,0.5) = (1.0000,0.0000,0.0000)
(0.3,1.0,0.5,0.1,0.1,0.5) = (0.4845,0.0000,0.5155)
(0.3,1.0,0.5,0.2,0.1,0.5) = (0.0000,0.0000,1.0000)
(0.3,1.0,0.5,0.3,0.1,0.5) = (0.0000,0.0000,1.0000)
(0.3,1.0,0.5,0.4,0.1,0.5) = (0.0000,0.0000,1.0000)
(0.3,1.0,0.5,0.5,0.1,0.5) = (0.0000,0.0000,1.0000)
(0.3,1.0,0.5,0.6,0.1,0.5) = (0.0000,0.0000,1.0000)
(0.3,1.0,0.5,0.7,0.1,0.5) = (0.0000,0.0000,1.0000)
(0.3,1.0,0.5,0.8,0.1,0.5) = (0.0000,0.0082,0.9918)
(0.3,1.0,0.5,0.9,0.1,0.5) = (0.0000,0.0000,1.0000)
(0.3,1.0,0.5,1.0,0.1,0.5) = (0.0000,0.0000,1.0000)
(0.3,1.0,0.6,0.0,0.1,0.5) = (0.0000,0.0000,1.0000)
(0.3,1.0,0.6,0.1,0.1,0.5) = (0.0000,0.0000,1.0000)
(0.3,1.0,0.6,0.2,0.1,0.5) = (0.0000,0.0000,1.0000)
(0.3,1.0,0.6,0.3,0.1,0.5) = (0.0000,0.0000,1.0000)
(0.3,1.0,0.6,0.4,0.1,0.5) = (0.0000,0.0000,1.0000)
(0.3,1.0,0.6,0.5,0.1,0.5) = (0.0000,0.0000,1.0000)
(0.3,1.0,0.6,0.6,0.1,0.5) = (0.0000,0.0017,0.9983)
(0.3,1.0,0.6,0.7,0.1,0.5) = (0.0000,0.0000,1.0000)
(0.3,1.0,0.6,0.8,0.1,0.5) = (0.0000,0.0000,1.0000)
(0.3,1.0,0.6,0.9,0.1,0.5) = (0.0000,0.0000,1.0000)
(0.3,1.0,0.6,1.0,0.1,0.5) = (0.0000,0.0000,1.0000)
(0.3,1.0,0.7,0.0,0.1,0.5) = (0.0000,0.0000,1.0000)
(0.3,1.0,0.7,0.1,0.1,0.5) = (0.0000,0.0000,1.0000)
(0.3,1.0,0.7,0.2,0.1,0.5) = (0.0000,0.0000,1.0000)
(0.3,1.0,0.7,0.3,0.1,0.5) = (0.0000,0.0000,1.0000)
(0.3,1.0,0.7,0.4,0.1,0.5) = (0.0000,0.0000,1.0000)
(0.3,1.0,0.7,0.5,0.1,0.5) = (0.0000,0.0000,1.0000)
(0.3,1.0,0.7,0.6,0.1,0.5) = (0.0000,0.0000,1.0000)
(0.3,1.0,0.7,0.7,0.1,0.5) = (0.0000,0.0000,1.0000)
(0.3,1.0,0.7,0.8,0.1,0.5) = (0.0000,0.0000,1.0000)
(0.3,1.0,0.7,0.9,0.1,0.5) = (0.0000,0.0000,1.0000)
(0.3,1.0,0.7,1.0,0.1,0.5) = (0.0000,0.0000,1.0000)
(0.3,1.0,0.8,0.0,0.1,0.5) = (0.0000,0.0022,0.9978)
(0.3,1.0,0.8,0.1,0.1,0.5) = (0.0000,0.0000,1.0000)
(0.3,1.0,0.8,0.2,0.1,0.5) = (0.0000,0.0000,1.0000)
(0.3,1.0,0.8,0.3,0.1,0.5) = (0.0000,0.0000,1.0000)
(0.3,1.0,0.8,0.4,0.1,0.5) = (0.0000,0.0000,1.0000)
(0.3,1.0,0.8,0.5,0.1,0.5) = (0.0000,0.0000,1.0000)
(0.3,1.0,0.8,0.6,0.1,0.5) = (0.0000,0.0000,1.0000)
(0.3,1.0,0.8,0.7,0.1,0.5) = (0.0000,0.0000,1.0000)
(0.3,1.0,0.8,0.8,0.1,0.5) = (0.0000,0.0000,1.0000)
(0.3,1.0,0.8,0.9,0.1,0.5) = (0.0000,0.0000,1.0000)
(0.3,1.0,0.8,1.0,0.1,0.5) = (0.0000,0.0000,1.0000)
(0.3,1.0,0.9,0.0,0.1,0.5) = (0.0000,0.0000,1.0000)
(0.3,1.0,0.9,0.1,0.1,0.5) = (0.0000,0.0000,1.0000)
(0.3,1.0,0.9,0.2,0.1,0.5) = (0.0000,0.0000,1.0000)
(0.3,1.0,0.9,0.3,0.1,0.5) = (0.0000,0.0000,1.0000)
(0.3,1.0,0.9,0.4,0.1,0.5) = (0.0000,0.0000,1.0000)
(0.3,1.0,0.9,0.5,0.1,0.5) = (0.0000,0.0000,1.0000)
(0.3,1.0,0.9,0.6,0.1,0.5) = (0.0000,0.0000,1.0000)
(0.3,1.0,0.9,0.7,0.1,0.5) = (0.0000,0.0000,1.0000)
(0.3,1.0,0.9,0.8,0.1,0.5) = (0.0000,0.0000,1.0000)
(0.3,1.0,0.9,0.9,0.1,0.5) = (0.0000,0.0000,1.0000)
(0.3,1.0,0.9,1.0,0.1,0.5) = (0.0000,0.0000,1.0000)
(0.3,1.0,1.0,0.0,0.1,0.5) = (0.0000,0.0000,1.0000)
(0.3,1.0,1.0,0.1,0.1,0.5) = (0.0000,0.0000,1.0000)
(0.3,1.0,1.0,0.2,0.1,0.5) = (0.0000,0.0000,1.0000)
(0.3,1.0,1.0,0.3,0.1,0.5) = (0.0000,0.0040,0.9960)
(0.3,1.0,1.0,0.4,0.1,0.5) = (0.0000,0.0000,1.0000)
(0.3,1.0,1.0,0.5,0.1,0.5) = (0.0000,0.0000,1.0000)
(0.3,1.0,1.0,0.6,0.1,0.5) = (0.0000,0.0000,1.0000)
(0.3,1.0,1.0,0.7,0.1,0.5) = (0.0000,0.0000,1.0000)
(0.3,1.0,1.0,0.8,0.1,0.5) = (0.0000,0.0000,1.0000)
(0.3,1.0,1.0,0.9,0.1,0.5) = (0.0000,0.0000,1.0000)
(0.3,1.0,1.0,1.0,0.1,0.5) = (0.0000,0.0000,1.0000)
(0.4,1.0,0.0,0.0,0.1,0.5) = (1.0000,0.0000,0.0000)
(0.4,1.0,0.0,0.1,0.1,0.5) = (1.0000,0.0000,0.0000)
(0.4,1.0,0.0,0.2,0.1,0.5) = (1.0000,0.0000,0.0000)
(0.4,1.0,0.0,0.3,0.1,0.5) = (1.0000,0.0000,0.0000)
(0.4,1.0,0.0,0.4,0.1,0.5) = (1.0000,0.0000,0.0000)
(0.4,1.0,0.0,0.5,0.1,0.5) = (0.6999,0.0000,0.3000)
(0.4,1.0,0.0,0.6,0.1,0.5) = (0.5690,0.0000,0.4310)
(0.4,1.0,0.0,0.7,0.1,0.5) = (0.4714,0.0000,0.5286)
(0.4,1.0,0.0,0.8,0.1,0.5) = (0.3884,0.0000,0.6116)
(0.4,1.0,0.0,0.9,0.1,0.5) = (0.3154,0.0000,0.6846)
(0.4,1.0,0.0,1.0,0.1,0.5) = (0.2472,0.0000,0.7528)
(0.4,1.0,0.1,0.0,0.1,0.5) = (1.0000,0.0000,0.0000)
(0.4,1.0,0.1,0.1,0.1,0.5) = (1.0000,0.0000,0.0000)
(0.4,1.0,0.1,0.2,0.1,0.5) = (1.0000,0.0000,0.0000)
(0.4,1.0,0.1,0.3,0.1,0.5) = (1.0000,0.0000,0.0000)
(0.4,1.0,0.1,0.4,0.1,0.5) = (0.7742,0.0000,0.2258)
(0.4,1.0,0.1,0.5,0.1,0.5) = (0.5715,0.0000,0.4285)
(0.4,1.0,0.1,0.6,0.1,0.5) = (0.4513,0.0000,0.5486)
(0.4,1.0,0.1,0.7,0.1,0.5) = (0.3449,0.0000,0.6551)
(0.4,1.0,0.1,0.8,0.1,0.5) = (0.2559,0.0000,0.7441)
(0.4,1.0,0.1,0.9,0.1,0.5) = (0.1665,0.0000,0.8335)
(0.4,1.0,0.1,1.0,0.1,0.5) = (0.0266,0.0000,0.9734)
(0.4,1.0,0.2,0.0,0.1,0.5) = (1.0000,0.0000,0.0000)
(0.4,1.0,0.2,0.1,0.1,0.5) = (1.0000,0.0000,0.0000)
(0.4,1.0,0.2,0.2,0.1,0.5) = (1.0000,0.0000,0.0000)
(0.4,1.0,0.2,0.3,0.1,0.5) = (1.0000,0.0000,0.0000)
(0.4,1.0,0.2,0.4,0.1,0.5) = (0.5837,0.0000,0.4163)
(0.4,1.0,0.2,0.5,0.1,0.5) = (0.4053,0.0000,0.5947)
(0.4,1.0,0.2,0.6,0.1,0.5) = (0.2792,0.0000,0.7208)
(0.4,1.0,0.2,0.7,0.1,0.5) = (0.1300,0.0000,0.8700)
(0.4,1.0,0.2,0.8,0.1,0.5) = (0.0000,0.0000,1.0000)
(0.4,1.0,0.2,0.9,0.1,0.5) = (0.0000,0.0000,1.0000)
(0.4,1.0,0.2,1.0,0.1,0.5) = (0.0000,0.0000,1.0000)
(0.4,1.0,0.3,0.0,0.1,0.5) = (1.0000,0.0000,0.0000)
(0.4,1.0,0.3,0.1,0.1,0.5) = (1.0000,0.0000,0.0000)
(0.4,1.0,0.3,0.2,0.1,0.5) = (1.0000,0.0000,0.0000)
(0.4,1.0,0.3,0.3,0.1,0.5) = (0.6054,0.0000,0.3946)
(0.4,1.0,0.3,0.4,0.1,0.5) = (0.3335,0.0000,0.6665)
(0.4,1.0,0.3,0.5,0.1,0.5) = (0.0875,0.0000,0.9125)
(0.4,1.0,0.3,0.6,0.1,0.5) = (0.0000,0.0000,1.0000)
(0.4,1.0,0.3,0.7,0.1,0.5) = (0.0000,0.0000,1.0000)
(0.4,1.0,0.3,0.8,0.1,0.5) = (0.0000,0.0000,1.0000)
(0.4,1.0,0.3,0.9,0.1,0.5) = (0.0000,0.0000,1.0000)
(0.4,1.0,0.3,1.0,0.1,0.5) = (0.0000,0.0000,1.0000)
(0.4,1.0,0.4,0.0,0.1,0.5) = (1.0000,0.0000,0.0000)
(0.4,1.0,0.4,0.1,0.1,0.5) = (1.0000,0.0000,0.0000)
(0.4,1.0,0.4,0.2,0.1,0.5) = (0.6298,0.0000,0.3703)
(0.4,1.0,0.4,0.3,0.1,0.5) = (0.0000,0.0000,1.0000)
(0.4,1.0,0.4,0.4,0.1,0.5) = (0.0000,0.0000,1.0000)
(0.4,1.0,0.4,0.5,0.1,0.5) = (0.0000,0.0000,1.0000)
(0.4,1.0,0.4,0.6,0.1,0.5) = (0.0000,0.0000,1.0000)
(0.4,1.0,0.4,0.7,0.1,0.5) = (0.0000,0.0000,1.0000)
(0.4,1.0,0.4,0.8,0.1,0.5) = (0.0000,0.0000,1.0000)
(0.4,1.0,0.4,0.9,0.1,0.5) = (0.0000,0.0000,1.0000)
(0.4,1.0,0.4,1.0,0.1,0.5) = (0.0000,0.0000,1.0000)
(0.4,1.0,0.5,0.0,0.1,0.5) = (1.0000,0.0000,0.0000)
(0.4,1.0,0.5,0.1,0.1,0.5) = (0.4598,0.0000,0.5402)
(0.4,1.0,0.5,0.2,0.1,0.5) = (0.0000,0.0000,1.0000)
(0.4,1.0,0.5,0.3,0.1,0.5) = (0.0000,0.0000,1.0000)
(0.4,1.0,0.5,0.4,0.1,0.5) = (0.0000,0.0000,1.0000)
(0.4,1.0,0.5,0.5,0.1,0.5) = (0.0000,0.0000,1.0000)
(0.4,1.0,0.5,0.6,0.1,0.5) = (0.0000,0.0000,1.0000)
(0.4,1.0,0.5,0.7,0.1,0.5) = (0.0000,0.0000,1.0000)
(0.4,1.0,0.5,0.8,0.1,0.5) = (0.0000,0.0000,1.0000)
(0.4,1.0,0.5,0.9,0.1,0.5) = (0.0000,0.0000,1.0000)
(0.4,1.0,0.5,1.0,0.1,0.5) = (0.0000,0.0000,1.0000)
(0.4,1.0,0.6,0.0,0.1,0.5) = (0.0000,0.0000,1.0000)
(0.4,1.0,0.6,0.1,0.1,0.5) = (0.0000,0.0000,1.0000)
(0.4,1.0,0.6,0.2,0.1,0.5) = (0.0000,0.0000,1.0000)
(0.4,1.0,0.6,0.3,0.1,0.5) = (0.0000,0.0000,1.0000)
(0.4,1.0,0.6,0.4,0.1,0.5) = (0.0000,0.0000,1.0000)
(0.4,1.0,0.6,0.5,0.1,0.5) = (0.0000,0.0000,1.0000)
(0.4,1.0,0.6,0.6,0.1,0.5) = (0.0000,0.0000,1.0000)
(0.4,1.0,0.6,0.7,0.1,0.5) = (0.0000,0.0000,1.0000)
(0.4,1.0,0.6,0.8,0.1,0.5) = (0.0000,0.0000,1.0000)
(0.4,1.0,0.6,0.9,0.1,0.5) = (0.0000,0.0000,1.0000)
(0.4,1.0,0.6,1.0,0.1,0.5) = (0.0000,0.0000,1.0000)
(0.4,1.0,0.7,0.0,0.1,0.5) = (0.0000,0.0000,1.0000)
(0.4,1.0,0.7,0.1,0.1,0.5) = (0.0000,0.0000,1.0000)
(0.4,1.0,0.7,0.2,0.1,0.5) = (0.0000,0.0000,1.0000)
(0.4,1.0,0.7,0.3,0.1,0.5) = (0.0000,0.0000,1.0000)
(0.4,1.0,0.7,0.4,0.1,0.5) = (0.0000,0.0000,1.0000)
(0.4,1.0,0.7,0.5,0.1,0.5) = (0.0000,0.0000,1.0000)
(0.4,1.0,0.7,0.6,0.1,0.5) = (0.0000,0.0000,1.0000)
(0.4,1.0,0.7,0.7,0.1,0.5) = (0.0000,0.0000,1.0000)
(0.4,1.0,0.7,0.8,0.1,0.5) = (0.0000,0.0000,1.0000)
(0.4,1.0,0.7,0.9,0.1,0.5) = (0.0000,0.0000,1.0000)
(0.4,1.0,0.7,1.0,0.1,0.5) = (0.0000,0.0000,1.0000)
(0.4,1.0,0.8,0.0,0.1,0.5) = (0.0000,0.0000,1.0000)
(0.4,1.0,0.8,0.1,0.1,0.5) = (0.0000,0.0000,1.0000)
(0.4,1.0,0.8,0.2,0.1,0.5) = (0.0000,0.0000,1.0000)
(0.4,1.0,0.8,0.3,0.1,0.5) = (0.0000,0.0000,1.0000)
(0.4,1.0,0.8,0.4,0.1,0.5) = (0.0000,0.0000,1.0000)
(0.4,1.0,0.8,0.5,0.1,0.5) = (0.0000,0.0000,1.0000)
(0.4,1.0,0.8,0.6,0.1,0.5) = (0.0000,0.0000,1.0000)
(0.4,1.0,0.8,0.7,0.1,0.5) = (0.0000,0.0000,1.0000)
(0.4,1.0,0.8,0.8,0.1,0.5) = (0.0000,0.0000,1.0000)
(0.4,1.0,0.8,0.9,0.1,0.5) = (0.0000,0.0000,1.0000)
(0.4,1.0,0.8,1.0,0.1,0.5) = (0.0000,0.0000,1.0000)
(0.4,1.0,0.9,0.0,0.1,0.5) = (0.0000,0.0000,1.0000)
(0.4,1.0,0.9,0.1,0.1,0.5) = (0.0000,0.0000,1.0000)
(0.4,1.0,0.9,0.2,0.1,0.5) = (0.0000,0.0000,1.0000)
(0.4,1.0,0.9,0.3,0.1,0.5) = (0.0000,0.0000,1.0000)
(0.4,1.0,0.9,0.4,0.1,0.5) = (0.0000,0.0000,1.0000)
(0.4,1.0,0.9,0.5,0.1,0.5) = (0.0000,0.0000,1.0000)
(0.4,1.0,0.9,0.6,0.1,0.5) = (0.0000,0.0000,1.0000)
(0.4,1.0,0.9,0.7,0.1,0.5) = (0.0000,0.0000,1.0000)
(0.4,1.0,0.9,0.8,0.1,0.5) = (0.0000,0.0000,1.0000)
(0.4,1.0,0.9,0.9,0.1,0.5) = (0.0000,0.0000,1.0000)
(0.4,1.0,0.9,1.0,0.1,0.5) = (0.0000,0.0000,1.0000)
(0.4,1.0,1.0,0.0,0.1,0.5) = (0.0000,0.0000,1.0000)
(0.4,1.0,1.0,0.1,0.1,0.5) = (0.0000,0.0000,1.0000)
(0.4,1.0,1.0,0.2,0.1,0.5) = (0.0000,0.0000,1.0000)
(0.4,1.0,1.0,0.3,0.1,0.5) = (0.0000,0.0000,1.0000)
(0.4,1.0,1.0,0.4,0.1,0.5) = (0.0000,0.0000,1.0000)
(0.4,1.0,1.0,0.5,0.1,0.5) = (0.0000,0.0000,1.0000)
(0.4,1.0,1.0,0.6,0.1,0.5) = (0.0000,0.0000,1.0000)
(0.4,1.0,1.0,0.7,0.1,0.5) = (0.0000,0.0000,1.0000)
(0.4,1.0,1.0,0.8,0.1,0.5) = (0.0000,0.0000,1.0000)
(0.4,1.0,1.0,0.9,0.1,0.5) = (0.0000,0.0000,1.0000)
(0.4,1.0,1.0,1.0,0.1,0.5) = (0.0000,0.0000,1.0000)
(0.5,1.0,0.0,0.0,0.1,0.5) = (1.0000,0.0000,0.0000)
(0.5,1.0,0.0,0.1,0.1,0.5) = (1.0000,0.0000,0.0000)
(0.5,1.0,0.0,0.2,0.1,0.5) = (1.0000,0.0000,0.0000)
(0.5,1.0,0.0,0.3,0.1,0.5) = (1.0000,0.0000,0.0000)
(0.5,1.0,0.0,0.4,0.1,0.5) = (1.0000,0.0000,0.0000)
(0.5,1.0,0.0,0.5,0.1,0.5) = (0.6951,0.0000,0.3049)
(0.5,1.0,0.0,0.6,0.1,0.5) = (0.5673,0.0000,0.4327)
(0.5,1.0,0.0,0.7,0.1,0.5) = (0.4645,0.0000,0.5355)
(0.5,1.0,0.0,0.8,0.1,0.5) = (0.3895,0.0000,0.6105)
(0.5,1.0,0.0,0.9,0.1,0.5) = (0.3128,0.0000,0.6872)
(0.5,1.0,0.0,1.0,0.1,0.5) = (0.2473,0.0000,0.7527)
(0.5,1.0,0.1,0.0,0.1,0.5) = (1.0000,0.0000,0.0000)
(0.5,1.0,0.1,0.1,0.1,0.5) = (1.0000,0.0000,0.0000)
(0.5,1.0,0.1,0.2,0.1,0.5) = (1.0000,0.0000,0.0000)
(0.5,1.0,0.1,0.3,0.1,0.5) = (1.0000,0.0000,0.0000)
(0.5,1.0,0.1,0.4,0.1,0.5) = (0.7704,0.0000,0.2296)
(0.5,1.0,0.1,0.5,0.1,0.5) = (0.5827,0.0000,0.4173)
(0.5,1.0,0.1,0.6,0.1,0.5) = (0.4511,0.0000,0.5488)
(0.5,1.0,0.1,0.7,0.1,0.5) = (0.3451,0.0000,0.6549)
(0.5,1.0,0.1,0.8,0.1,0.5) = (0.2608,0.0000,0.7392)
(0.5,1.0,0.1,0.9,0.1,0.5) = (0.1596,0.0000,0.8404)
(0.5,1.0,0.1,1.0,0.1,0.5) = (0.0353,0.0000,0.9647)
(0.5,1.0,0.2,0.0,0.1,0.5) = (1.0000,0.0000,0.0000)
(0.5,1.0,0.2,0.1,0.1,0.5) = (1.0000,0.0000,0.0000)
(0.5,1.0,0.2,0.2,0.1,0.5) = (1.0000,0.0000,0.0000)
(0.5,1.0,0.2,0.3,0.1,0.5) = (1.0000,0.0000,0.0000)
(0.5,1.0,0.2,0.4,0.1,0.5) = (0.5875,0.0000,0.4125)
(0.5,1.0,0.2,0.5,0.1,0.5) = (0.4138,0.0000,0.5861)
(0.5,1.0,0.2,0.6,0.1,0.5) = (0.2740,0.0000,0.7260)
(0.5,1.0,0.2,0.7,0.1,0.5) = (0.1328,0.0000,0.8672)
(0.5,1.0,0.2,0.8,0.1,0.5) = (0.0000,0.0000,1.0000)
(0.5,1.0,0.2,0.9,0.1,0.5) = (0.0000,0.0000,1.0000)
(0.5,1.0,0.2,1.0,0.1,0.5) = (0.0000,0.0000,1.0000)
(0.5,1.0,0.3,0.0,0.1,0.5) = (1.0000,0.0000,0.0000)
(0.5,1.0,0.3,0.1,0.1,0.5) = (1.0000,0.0000,0.0000)
(0.5,1.0,0.3,0.2,0.1,0.5) = (1.0000,0.0000,0.0000)
(0.5,1.0,0.3,0.3,0.1,0.5) = (0.5983,0.0000,0.4017)
(0.5,1.0,0.3,0.4,0.1,0.5) = (0.3359,0.0000,0.6641)
(0.5,1.0,0.3,0.5,0.1,0.5) = (0.0914,0.0000,0.9086)
(0.5,1.0,0.3,0.6,0.1,0.5) = (0.0000,0.0000,1.0000)
(0.5,1.0,0.3,0.7,0.1,0.5) = (0.0000,0.0000,1.0000)
(0.5,1.0,0.3,0.8,0.1,0.5) = (0.0000,0.0000,1.0000)
(0.5,1.0,0.3,0.9,0.1,0.5) = (0.0000,0.0000,1.0000)
(0.5,1.0,0.3,1.0,0.1,0.5) = (0.0000,0.0000,1.0000)
(0.5,1.0,0.4,0.0,0.1,0.5) = (1.0000,0.0000,0.0000)
(0.5,1.0,0.4,0.1,0.1,0.5) = (1.0000,0.0000,0.0000)
(0.5,1.0,0.4,0.2,0.1,0.5) = (0.6371,0.0000,0.3629)
(0.5,1.0,0.4,0.3,0.1,0.5) = (0.0000,0.0000,1.0000)
(0.5,1.0,0.4,0.4,0.1,0.5) = (0.0000,0.0000,1.0000)
(0.5,1.0,0.4,0.5,0.1,0.5) = (0.0000,0.0000,1.0000)
(0.5,1.0,0.4,0.6,0.1,0.5) = (0.0000,0.0000,1.0000)
(0.5,1.0,0.4,0.7,0.1,0.5) = (0.0000,0.0000,1.0000)
(0.5,1.0,0.4,0.8,0.1,0.5) = (0.0000,0.0000,1.0000)
(0.5,1.0,0.4,0.9,0.1,0.5) = (0.0000,0.0000,1.0000)
(0.5,1.0,0.4,1.0,0.1,0.5) = (0.0000,0.0000,1.0000)
(0.5,1.0,0.5,0.0,0.1,0.5) = (1.0000,0.0000,0.0000)
(0.5,1.0,0.5,0.1,0.1,0.5) = (0.4179,0.0000,0.5821)
(0.5,1.0,0.5,0.2,0.1,0.5) = (0.0000,0.0000,1.0000)
(0.5,1.0,0.5,0.3,0.1,0.5) = (0.0000,0.0000,1.0000)
(0.5,1.0,0.5,0.4,0.1,0.5) = (0.0000,0.0000,1.0000)
(0.5,1.0,0.5,0.5,0.1,0.5) = (0.0000,0.0000,1.0000)
(0.5,1.0,0.5,0.6,0.1,0.5) = (0.0000,0.0000,1.0000)
(0.5,1.0,0.5,0.7,0.1,0.5) = (0.0000,0.0000,1.0000)
(0.5,1.0,0.5,0.8,0.1,0.5) = (0.0000,0.0000,1.0000)
(0.5,1.0,0.5,0.9,0.1,0.5) = (0.0000,0.0000,1.0000)
(0.5,1.0,0.5,1.0,0.1,0.5) = (0.0000,0.0000,1.0000)
(0.5,1.0,0.6,0.0,0.1,0.5) = (0.0000,0.0000,1.0000)
(0.5,1.0,0.6,0.1,0.1,0.5) = (0.0000,0.0000,1.0000)
(0.5,1.0,0.6,0.2,0.1,0.5) = (0.0000,0.0000,1.0000)
(0.5,1.0,0.6,0.3,0.1,0.5) = (0.0000,0.0000,1.0000)
(0.5,1.0,0.6,0.4,0.1,0.5) = (0.0000,0.0000,1.0000)
(0.5,1.0,0.6,0.5,0.1,0.5) = (0.0000,0.0000,1.0000)
(0.5,1.0,0.6,0.6,0.1,0.5) = (0.0000,0.0000,1.0000)
(0.5,1.0,0.6,0.7,0.1,0.5) = (0.0000,0.0000,1.0000)
(0.5,1.0,0.6,0.8,0.1,0.5) = (0.0000,0.0000,1.0000)
(0.5,1.0,0.6,0.9,0.1,0.5) = (0.0000,0.0000,1.0000)
(0.5,1.0,0.6,1.0,0.1,0.5) = (0.0000,0.0000,1.0000)
(0.5,1.0,0.7,0.0,0.1,0.5) = (0.0000,0.0000,1.0000)
(0.5,1.0,0.7,0.1,0.1,0.5) = (0.0000,0.0000,1.0000)
(0.5,1.0,0.7,0.2,0.1,0.5) = (0.0000,0.0000,1.0000)
(0.5,1.0,0.7,0.3,0.1,0.5) = (0.0000,0.0000,1.0000)
(0.5,1.0,0.7,0.4,0.1,0.5) = (0.0000,0.0000,1.0000)
(0.5,1.0,0.7,0.5,0.1,0.5) = (0.0000,0.0000,1.0000)
(0.5,1.0,0.7,0.6,0.1,0.5) = (0.0000,0.0000,1.0000)
(0.5,1.0,0.7,0.7,0.1,0.5) = (0.0000,0.0000,1.0000)
(0.5,1.0,0.7,0.8,0.1,0.5) = (0.0000,0.0000,1.0000)
(0.5,1.0,0.7,0.9,0.1,0.5) = (0.0000,0.0000,1.0000)
(0.5,1.0,0.7,1.0,0.1,0.5) = (0.0000,0.0000,1.0000)
(0.5,1.0,0.8,0.0,0.1,0.5) = (0.0000,0.0000,1.0000)
(0.5,1.0,0.8,0.1,0.1,0.5) = (0.0000,0.0000,1.0000)
(0.5,1.0,0.8,0.2,0.1,0.5) = (0.0000,0.0000,1.0000)
(0.5,1.0,0.8,0.3,0.1,0.5) = (0.0000,0.0000,1.0000)
(0.5,1.0,0.8,0.4,0.1,0.5) = (0.0000,0.0000,1.0000)
(0.5,1.0,0.8,0.5,0.1,0.5) = (0.0000,0.0000,1.0000)
(0.5,1.0,0.8,0.6,0.1,0.5) = (0.0000,0.0000,1.0000)
(0.5,1.0,0.8,0.7,0.1,0.5) = (0.0000,0.0000,1.0000)
(0.5,1.0,0.8,0.8,0.1,0.5) = (0.0000,0.0000,1.0000)
(0.5,1.0,0.8,0.9,0.1,0.5) = (0.0000,0.0000,1.0000)
(0.5,1.0,0.8,1.0,0.1,0.5) = (0.0000,0.0000,1.0000)
(0.5,1.0,0.9,0.0,0.1,0.5) = (0.0000,0.0000,1.0000)
(0.5,1.0,0.9,0.1,0.1,0.5) = (0.0000,0.0000,1.0000)
(0.5,1.0,0.9,0.2,0.1,0.5) = (0.0000,0.0000,1.0000)
(0.5,1.0,0.9,0.3,0.1,0.5) = (0.0000,0.0000,1.0000)
(0.5,1.0,0.9,0.4,0.1,0.5) = (0.0000,0.0000,1.0000)
(0.5,1.0,0.9,0.5,0.1,0.5) = (0.0000,0.0000,1.0000)
(0.5,1.0,0.9,0.6,0.1,0.5) = (0.0000,0.0000,1.0000)
(0.5,1.0,0.9,0.7,0.1,0.5) = (0.0000,0.0000,1.0000)
(0.5,1.0,0.9,0.8,0.1,0.5) = (0.0000,0.0000,1.0000)
(0.5,1.0,0.9,0.9,0.1,0.5) = (0.0000,0.0000,1.0000)
(0.5,1.0,0.9,1.0,0.1,0.5) = (0.0000,0.0000,1.0000)
(0.5,1.0,1.0,0.0,0.1,0.5) = (0.0000,0.0000,1.0000)
(0.5,1.0,1.0,0.1,0.1,0.5) = (0.0000,0.0000,1.0000)
(0.5,1.0,1.0,0.2,0.1,0.5) = (0.0000,0.0000,1.0000)
(0.5,1.0,1.0,0.3,0.1,0.5) = (0.0000,0.0000,1.0000)
(0.5,1.0,1.0,0.4,0.1,0.5) = (0.0000,0.0000,1.0000)
(0.5,1.0,1.0,0.5,0.1,0.5) = (0.0000,0.0000,1.0000)
(0.5,1.0,1.0,0.6,0.1,0.5) = (0.0000,0.0000,1.0000)
(0.5,1.0,1.0,0.7,0.1,0.5) = (0.0000,0.0000,1.0000)
(0.5,1.0,1.0,0.8,0.1,0.5) = (0.0000,0.0000,1.0000)
(0.5,1.0,1.0,0.9,0.1,0.5) = (0.0000,0.0000,1.0000)
(0.5,1.0,1.0,1.0,0.1,0.5) = (0.0000,0.0000,1.0000)
(0.6,1.0,0.0,0.0,0.1,0.5) = (1.0000,0.0000,0.0000)
(0.6,1.0,0.0,0.1,0.1,0.5) = (1.0000,0.0000,0.0000)
(0.6,1.0,0.0,0.2,0.1,0.5) = (1.0000,0.0000,0.0000)
(0.6,1.0,0.0,0.3,0.1,0.5) = (1.0000,0.0000,0.0000)
(0.6,1.0,0.0,0.4,0.1,0.5) = (1.0000,0.0000,0.0000)
(0.6,1.0,0.0,0.5,0.1,0.5) = (0.6909,0.0000,0.3091)
(0.6,1.0,0.0,0.6,0.1,0.5) = (0.5610,0.0000,0.4390)
(0.6,1.0,0.0,0.7,0.1,0.5) = (0.4686,0.0000,0.5314)
(0.6,1.0,0.0,0.8,0.1,0.5) = (0.3861,0.0000,0.6139)
(0.6,1.0,0.0,0.9,0.1,0.5) = (0.3132,0.0000,0.6867)
(0.6,1.0,0.0,1.0,0.1,0.5) = (0.2536,0.0000,0.7464)
(0.6,1.0,0.1,0.0,0.1,0.5) = (1.0000,0.0000,0.0000)
(0.6,1.0,0.1,0.1,0.1,0.5) = (1.0000,0.0000,0.0000)
(0.6,1.0,0.1,0.2,0.1,0.5) = (1.0000,0.0000,0.0000)
(0.6,1.0,0.1,0.3,0.1,0.5) = (1.0000,0.0000,0.0000)
(0.6,1.0,0.1,0.4,0.1,0.5) = (0.7723,0.0000,0.2277)
(0.6,1.0,0.1,0.5,0.1,0.5) = (0.5817,0.0000,0.4183)
(0.6,1.0,0.1,0.6,0.1,0.5) = (0.4461,0.0000,0.5539)
(0.6,1.0,0.1,0.7,0.1,0.5) = (0.3567,0.0000,0.6433)
(0.6,1.0,0.1,0.8,0.1,0.5) = (0.2577,0.0000,0.7423)
(0.6,1.0,0.1,0.9,0.1,0.5) = (0.1681,0.0000,0.8319)
(0.6,1.0,0.1,1.0,0.1,0.5) = (0.0386,0.0000,0.9614)
(0.6,1.0,0.2,0.0,0.1,0.5) = (1.0000,0.0000,0.0000)
(0.6,1.0,0.2,0.1,0.1,0.5) = (1.0000,0.0000,0.0000)
(0.6,1.0,0.2,0.2,0.1,0.5) = (1.0000,0.0000,0.0000)
(0.6,1.0,0.2,0.3,0.1,0.5) = (1.0000,0.0000,0.0000)
(0.6,1.0,0.2,0.4,0.1,0.5) = (0.5880,0.0000,0.4120)
(0.6,1.0,0.2,0.5,0.1,0.5) = (0.4156,0.0000,0.5844)
(0.6,1.0,0.2,0.6,0.1,0.5) = (0.2694,0.0000,0.7306)
(0.6,1.0,0.2,0.7,0.1,0.5) = (0.1417,0.0000,0.8583)
(0.6,1.0,0.2,0.8,0.1,0.5) = (0.0000,0.0000,1.0000)
(0.6,1.0,0.2,0.9,0.1,0.5) = (0.0000,0.0000,1.0000)
(0.6,1.0,0.2,1.0,0.1,0.5) = (0.0000,0.0000,1.0000)
(0.6,1.0,0.3,0.0,0.1,0.5) = (1.0000,0.0000,0.0000)
(0.6,1.0,0.3,0.1,0.1,0.5) = (1.0000,0.0000,0.0000)
(0.6,1.0,0.3,0.2,0.1,0.5) = (1.0000,0.0000,0.0000)
(0.6,1.0,0.3,0.3,0.1,0.5) = (0.6034,0.0000,0.3966)
(0.6,1.0,0.3,0.4,0.1,0.5) = (0.3332,0.0000,0.6668)
(0.6,1.0,0.3,0.5,0.1,0.5) = (0.0792,0.0000,0.9208)
(0.6,1.0,0.3,0.6,0.1,0.5) = (0.0000,0.0000,1.0000)
(0.6,1.0,0.3,0.7,0.1,0.5) = (0.0000,0.0000,1.0000)
(0.6,1.0,0.3,0.8,0.1,0.5) = (0.0000,0.0000,1.0000)
(0.6,1.0,0.3,0.9,0.1,0.5) = (0.0000,0.0000,1.0000)
(0.6,1.0,0.3,1.0,0.1,0.5) = (0.0000,0.0000,1.0000)
(0.6,1.0,0.4,0.0,0.1,0.5) = (1.0000,0.0000,0.0000)
(0.6,1.0,0.4,0.1,0.1,0.5) = (1.0000,0.0000,0.0000)
(0.6,1.0,0.4,0.2,0.1,0.5) = (0.6325,0.0000,0.3674)
(0.6,1.0,0.4,0.3,0.1,0.5) = (0.0000,0.0000,1.0000)
(0.6,1.0,0.4,0.4,0.1,0.5) = (0.0000,0.0000,1.0000)
(0.6,1.0,0.4,0.5,0.1,0.5) = (0.0000,0.0000,1.0000)
(0.6,1.0,0.4,0.6,0.1,0.5) = (0.0000,0.0000,1.0000)
(0.6,1.0,0.4,0.7,0.1,0.5) = (0.0000,0.0000,1.0000)
(0.6,1.0,0.4,0.8,0.1,0.5) = (0.0000,0.0000,1.0000)
(0.6,1.0,0.4,0.9,0.1,0.5) = (0.0000,0.0000,1.0000)
(0.6,1.0,0.4,1.0,0.1,0.5) = (0.0000,0.0000,1.0000)
(0.6,1.0,0.5,0.0,0.1,0.5) = (1.0000,0.0000,0.0000)
(0.6,1.0,0.5,0.1,0.1,0.5) = (0.4375,0.0000,0.5625)
(0.6,1.0,0.5,0.2,0.1,0.5) = (0.0000,0.0000,1.0000)
(0.6,1.0,0.5,0.3,0.1,0.5) = (0.0000,0.0000,1.0000)
(0.6,1.0,0.5,0.4,0.1,0.5) = (0.0000,0.0000,1.0000)
(0.6,1.0,0.5,0.5,0.1,0.5) = (0.0000,0.0000,1.0000)
(0.6,1.0,0.5,0.6,0.1,0.5) = (0.0000,0.0000,1.0000)
(0.6,1.0,0.5,0.7,0.1,0.5) = (0.0000,0.0000,1.0000)
(0.6,1.0,0.5,0.8,0.1,0.5) = (0.0000,0.0000,1.0000)
(0.6,1.0,0.5,0.9,0.1,0.5) = (0.0000,0.0000,1.0000)
(0.6,1.0,0.5,1.0,0.1,0.5) = (0.0000,0.0000,1.0000)
(0.6,1.0,0.6,0.0,0.1,0.5) = (0.0000,0.0000,1.0000)
(0.6,1.0,0.6,0.1,0.1,0.5) = (0.0000,0.0000,1.0000)
(0.6,1.0,0.6,0.2,0.1,0.5) = (0.0000,0.0000,1.0000)
(0.6,1.0,0.6,0.3,0.1,0.5) = (0.0000,0.0000,1.0000)
(0.6,1.0,0.6,0.4,0.1,0.5) = (0.0000,0.0000,1.0000)
(0.6,1.0,0.6,0.5,0.1,0.5) = (0.0000,0.0000,1.0000)
(0.6,1.0,0.6,0.6,0.1,0.5) = (0.0000,0.0000,1.0000)
(0.6,1.0,0.6,0.7,0.1,0.5) = (0.0000,0.0000,1.0000)
(0.6,1.0,0.6,0.8,0.1,0.5) = (0.0000,0.0000,1.0000)
(0.6,1.0,0.6,0.9,0.1,0.5) = (0.0000,0.0000,1.0000)
(0.6,1.0,0.6,1.0,0.1,0.5) = (0.0000,0.0000,1.0000)
(0.6,1.0,0.7,0.0,0.1,0.5) = (0.0000,0.0000,1.0000)
(0.6,1.0,0.7,0.1,0.1,0.5) = (0.0000,0.0000,1.0000)
(0.6,1.0,0.7,0.2,0.1,0.5) = (0.0000,0.0000,1.0000)
(0.6,1.0,0.7,0.3,0.1,0.5) = (0.0000,0.0000,1.0000)
(0.6,1.0,0.7,0.4,0.1,0.5) = (0.0000,0.0000,1.0000)
(0.6,1.0,0.7,0.5,0.1,0.5) = (0.0000,0.0000,1.0000)
(0.6,1.0,0.7,0.6,0.1,0.5) = (0.0000,0.0000,1.0000)
(0.6,1.0,0.7,0.7,0.1,0.5) = (0.0000,0.0000,1.0000)
(0.6,1.0,0.7,0.8,0.1,0.5) = (0.0000,0.0000,1.0000)
(0.6,1.0,0.7,0.9,0.1,0.5) = (0.0000,0.0000,1.0000)
(0.6,1.0,0.7,1.0,0.1,0.5) = (0.0000,0.0000,1.0000)
(0.6,1.0,0.8,0.0,0.1,0.5) = (0.0000,0.0000,1.0000)
(0.6,1.0,0.8,0.1,0.1,0.5) = (0.0000,0.0000,1.0000)
(0.6,1.0,0.8,0.2,0.1,0.5) = (0.0000,0.0000,1.0000)
(0.6,1.0,0.8,0.3,0.1,0.5) = (0.0000,0.0000,1.0000)
(0.6,1.0,0.8,0.4,0.1,0.5) = (0.0000,0.0000,1.0000)
(0.6,1.0,0.8,0.5,0.1,0.5) = (0.0000,0.0000,1.0000)
(0.6,1.0,0.8,0.6,0.1,0.5) = (0.0000,0.0000,1.0000)
(0.6,1.0,0.8,0.7,0.1,0.5) = (0.0000,0.0000,1.0000)
(0.6,1.0,0.8,0.8,0.1,0.5) = (0.0000,0.0000,1.0000)
(0.6,1.0,0.8,0.9,0.1,0.5) = (0.0000,0.0000,1.0000)
(0.6,1.0,0.8,1.0,0.1,0.5) = (0.0000,0.0000,1.0000)
(0.6,1.0,0.9,0.0,0.1,0.5) = (0.0000,0.0000,1.0000)
(0.6,1.0,0.9,0.1,0.1,0.5) = (0.0000,0.0000,1.0000)
(0.6,1.0,0.9,0.2,0.1,0.5) = (0.0000,0.0000,1.0000)
(0.6,1.0,0.9,0.3,0.1,0.5) = (0.0000,0.0000,1.0000)
(0.6,1.0,0.9,0.4,0.1,0.5) = (0.0000,0.0000,1.0000)
(0.6,1.0,0.9,0.5,0.1,0.5) = (0.0000,0.0000,1.0000)
(0.6,1.0,0.9,0.6,0.1,0.5) = (0.0000,0.0000,1.0000)
(0.6,1.0,0.9,0.7,0.1,0.5) = (0.0000,0.0000,1.0000)
(0.6,1.0,0.9,0.8,0.1,0.5) = (0.0000,0.0000,1.0000)
(0.6,1.0,0.9,0.9,0.1,0.5) = (0.0000,0.0000,1.0000)
(0.6,1.0,0.9,1.0,0.1,0.5) = (0.0000,0.0000,1.0000)
(0.6,1.0,1.0,0.0,0.1,0.5) = (0.0000,0.0000,1.0000)
(0.6,1.0,1.0,0.1,0.1,0.5) = (0.0000,0.0000,1.0000)
(0.6,1.0,1.0,0.2,0.1,0.5) = (0.0000,0.0000,1.0000)
(0.6,1.0,1.0,0.3,0.1,0.5) = (0.0000,0.0000,1.0000)
(0.6,1.0,1.0,0.4,0.1,0.5) = (0.0000,0.0000,1.0000)
(0.6,1.0,1.0,0.5,0.1,0.5) = (0.0000,0.0000,1.0000)
(0.6,1.0,1.0,0.6,0.1,0.5) = (0.0000,0.0000,1.0000)
(0.6,1.0,1.0,0.7,0.1,0.5) = (0.0000,0.0000,1.0000)
(0.6,1.0,1.0,0.8,0.1,0.5) = (0.0000,0.0000,1.0000)
(0.6,1.0,1.0,0.9,0.1,0.5) = (0.0000,0.0000,1.0000)
(0.6,1.0,1.0,1.0,0.1,0.5) = (0.0000,0.0000,1.0000)
(0.7,1.0,0.0,0.0,0.1,0.5) = (1.0000,0.0000,0.0000)
(0.7,1.0,0.0,0.1,0.1,0.5) = (1.0000,0.0000,0.0000)
(0.7,1.0,0.0,0.2,0.1,0.5) = (1.0000,0.0000,0.0000)
(0.7,1.0,0.0,0.3,0.1,0.5) = (1.0000,0.0000,0.0000)
(0.7,1.0,0.0,0.4,0.1,0.5) = (1.0000,0.0000,0.0000)
(0.7,1.0,0.0,0.5,0.1,0.5) = (0.6938,0.0000,0.3062)
(0.7,1.0,0.0,0.6,0.1,0.5) = (0.5673,0.0000,0.4327)
(0.7,1.0,0.0,0.7,0.1,0.5) = (0.4587,0.0000,0.5413)
(0.7,1.0,0.0,0.8,0.1,0.5) = (0.3918,0.0000,0.6081)
(0.7,1.0,0.0,0.9,0.1,0.5) = (0.3133,0.0000,0.6867)
(0.7,1.0,0.0,1.0,0.1,0.5) = (0.2581,0.0000,0.7419)
(0.7,1.0,0.1,0.0,0.1,0.5) = (1.0000,0.0000,0.0000)
(0.7,1.0,0.1,0.1,0.1,0.5) = (1.0000,0.0000,0.0000)
(0.7,1.0,0.1,0.2,0.1,0.5) = (1.0000,0.0000,0.0000)
(0.7,1.0,0.1,0.3,0.1,0.5) = (1.0000,0.0000,0.0000)
(0.7,1.0,0.1,0.4,0.1,0.5) = (0.7618,0.0000,0.2382)
(0.7,1.0,0.1,0.5,0.1,0.5) = (0.5742,0.0000,0.4258)
(0.7,1.0,0.1,0.6,0.1,0.5) = (0.4494,0.0000,0.5506)
(0.7,1.0,0.1,0.7,0.1,0.5) = (0.3469,0.0000,0.6531)
(0.7,1.0,0.1,0.8,0.1,0.5) = (0.2544,0.0000,0.7456)
(0.7,1.0,0.1,0.9,0.1,0.5) = (0.1683,0.0000,0.8317)
(0.7,1.0,0.1,1.0,0.1,0.5) = (0.0265,0.0000,0.9735)
(0.7,1.0,0.2,0.0,0.1,0.5) = (1.0000,0.0000,0.0000)
(0.7,1.0,0.2,0.1,0.1,0.5) = (1.0000,0.0000,0.0000)
(0.7,1.0,0.2,0.2,0.1,0.5) = (1.0000,0.0000,0.0000)
(0.7,1.0,0.2,0.3,0.1,0.5) = (1.0000,0.0000,0.0000)
(0.7,1.0,0.2,0.4,0.1,0.5) = (0.5834,0.0000,0.4166)
(0.7,1.0,0.2,0.5,0.1,0.5) = (0.4125,0.0000,0.5875)
(0.7,1.0,0.2,0.6,0.1,0.5) = (0.2736,0.0000,0.7264)
(0.7,1.0,0.2,0.7,0.1,0.5) = (0.1350,0.0000,0.8650)
(0.7,1.0,0.2,0.8,0.1,0.5) = (0.0000,0.0000,1.0000)
(0.7,1.0,0.2,0.9,0.1,0.5) = (0.0000,0.0000,1.0000)
(0.7,1.0,0.2,1.0,0.1,0.5) = (0.0000,0.0000,1.0000)
(0.7,1.0,0.3,0.0,0.1,0.5) = (1.0000,0.0000,0.0000)
(0.7,1.0,0.3,0.1,0.1,0.5) = (1.0000,0.0000,0.0000)
(0.7,1.0,0.3,0.2,0.1,0.5) = (1.0000,0.0000,0.0000)
(0.7,1.0,0.3,0.3,0.1,0.5) = (0.6089,0.0000,0.3911)
(0.7,1.0,0.3,0.4,0.1,0.5) = (0.3212,0.0000,0.6788)
(0.7,1.0,0.3,0.5,0.1,0.5) = (0.0880,0.0000,0.9120)
(0.7,1.0,0.3,0.6,0.1,0.5) = (0.0000,0.0000,1.0000)
(0.7,1.0,0.3,0.7,0.1,0.5) = (0.0000,0.0000,1.0000)
(0.7,1.0,0.3,0.8,0.1,0.5) = (0.0000,0.0000,1.0000)
(0.7,1.0,0.3,0.9,0.1,0.5) = (0.0000,0.0000,1.0000)
(0.7,1.0,0.3,1.0,0.1,0.5) = (0.0000,0.0000,1.0000)
(0.7,1.0,0.4,0.0,0.1,0.5) = (1.0000,0.0000,0.0000)
(0.7,1.0,0.4,0.1,0.1,0.5) = (1.0000,0.0000,0.0000)
(0.7,1.0,0.4,0.2,0.1,0.5) = (0.6127,0.0000,0.3873)
(0.7,1.0,0.4,0.3,0.1,0.5) = (0.0000,0.0000,1.0000)
(0.7,1.0,0.4,0.4,0.1,0.5) = (0.0000,0.0000,1.0000)
(0.7,1.0,0.4,0.5,0.1,0.5) = (0.0000,0.0000,1.0000)
(0.7,1.0,0.4,0.6,0.1,0.5) = (0.0000,0.0000,1.0000)
(0.7,1.0,0.4,0.7,0.1,0.5) = (0.0000,0.0000,1.0000)
(0.7,1.0,0.4,0.8,0.1,0.5) = (0.0000,0.0000,1.0000)
(0.7,1.0,0.4,0.9,0.1,0.5) = (0.0000,0.0000,1.0000)
(0.7,1.0,0.4,1.0,0.1,0.5) = (0.0000,0.0000,1.0000)
(0.7,1.0,0.5,0.0,0.1,0.5) = (1.0000,0.0000,0.0000)
(0.7,1.0,0.5,0.1,0.1,0.5) = (0.4465,0.0000,0.5535)
(0.7,1.0,0.5,0.2,0.1,0.5) = (0.0000,0.0000,1.0000)
(0.7,1.0,0.5,0.3,0.1,0.5) = (0.0000,0.0000,1.0000)
(0.7,1.0,0.5,0.4,0.1,0.5) = (0.0000,0.0000,1.0000)
(0.7,1.0,0.5,0.5,0.1,0.5) = (0.0000,0.0000,1.0000)
(0.7,1.0,0.5,0.6,0.1,0.5) = (0.0000,0.0000,1.0000)
(0.7,1.0,0.5,0.7,0.1,0.5) = (0.0000,0.0000,1.0000)
(0.7,1.0,0.5,0.8,0.1,0.5) = (0.0000,0.0000,1.0000)
(0.7,1.0,0.5,0.9,0.1,0.5) = (0.0000,0.0000,1.0000)
(0.7,1.0,0.5,1.0,0.1,0.5) = (0.0000,0.0000,1.0000)
(0.7,1.0,0.6,0.0,0.1,0.5) = (0.0000,0.0000,1.0000)
(0.7,1.0,0.6,0.1,0.1,0.5) = (0.0000,0.0000,1.0000)
(0.7,1.0,0.6,0.2,0.1,0.5) = (0.0000,0.0000,1.0000)
(0.7,1.0,0.6,0.3,0.1,0.5) = (0.0000,0.0000,1.0000)
(0.7,1.0,0.6,0.4,0.1,0.5) = (0.0000,0.0000,1.0000)
(0.7,1.0,0.6,0.5,0.1,0.5) = (0.0000,0.0000,1.0000)
(0.7,1.0,0.6,0.6,0.1,0.5) = (0.0000,0.0000,1.0000)
(0.7,1.0,0.6,0.7,0.1,0.5) = (0.0000,0.0000,1.0000)
(0.7,1.0,0.6,0.8,0.1,0.5) = (0.0000,0.0000,1.0000)
(0.7,1.0,0.6,0.9,0.1,0.5) = (0.0000,0.0000,1.0000)
(0.7,1.0,0.6,1.0,0.1,0.5) = (0.0000,0.0000,1.0000)
(0.7,1.0,0.7,0.0,0.1,0.5) = (0.0000,0.0000,1.0000)
(0.7,1.0,0.7,0.1,0.1,0.5) = (0.0000,0.0000,1.0000)
(0.7,1.0,0.7,0.2,0.1,0.5) = (0.0000,0.0000,1.0000)
(0.7,1.0,0.7,0.3,0.1,0.5) = (0.0000,0.0000,1.0000)
(0.7,1.0,0.7,0.4,0.1,0.5) = (0.0000,0.0000,1.0000)
(0.7,1.0,0.7,0.5,0.1,0.5) = (0.0000,0.0000,1.0000)
(0.7,1.0,0.7,0.6,0.1,0.5) = (0.0000,0.0000,1.0000)
(0.7,1.0,0.7,0.7,0.1,0.5) = (0.0000,0.0000,1.0000)
(0.7,1.0,0.7,0.8,0.1,0.5) = (0.0000,0.0000,1.0000)
(0.7,1.0,0.7,0.9,0.1,0.5) = (0.0000,0.0000,1.0000)
(0.7,1.0,0.7,1.0,0.1,0.5) = (0.0000,0.0000,1.0000)
(0.7,1.0,0.8,0.0,0.1,0.5) = (0.0000,0.0000,1.0000)
(0.7,1.0,0.8,0.1,0.1,0.5) = (0.0000,0.0000,1.0000)
(0.7,1.0,0.8,0.2,0.1,0.5) = (0.0000,0.0000,1.0000)
(0.7,1.0,0.8,0.3,0.1,0.5) = (0.0000,0.0000,1.0000)
(0.7,1.0,0.8,0.4,0.1,0.5) = (0.0000,0.0000,1.0000)
(0.7,1.0,0.8,0.5,0.1,0.5) = (0.0000,0.0000,1.0000)
(0.7,1.0,0.8,0.6,0.1,0.5) = (0.0000,0.0000,1.0000)
(0.7,1.0,0.8,0.7,0.1,0.5) = (0.0000,0.0000,1.0000)
(0.7,1.0,0.8,0.8,0.1,0.5) = (0.0000,0.0000,1.0000)
(0.7,1.0,0.8,0.9,0.1,0.5) = (0.0000,0.0000,1.0000)
(0.7,1.0,0.8,1.0,0.1,0.5) = (0.0000,0.0000,1.0000)
(0.7,1.0,0.9,0.0,0.1,0.5) = (0.0000,0.0000,1.0000)
(0.7,1.0,0.9,0.1,0.1,0.5) = (0.0000,0.0000,1.0000)
(0.7,1.0,0.9,0.2,0.1,0.5) = (0.0000,0.0000,1.0000)
(0.7,1.0,0.9,0.3,0.1,0.5) = (0.0000,0.0000,1.0000)
(0.7,1.0,0.9,0.4,0.1,0.5) = (0.0000,0.0000,1.0000)
(0.7,1.0,0.9,0.5,0.1,0.5) = (0.0000,0.0000,1.0000)
(0.7,1.0,0.9,0.6,0.1,0.5) = (0.0000,0.0000,1.0000)
(0.7,1.0,0.9,0.7,0.1,0.5) = (0.0000,0.0000,1.0000)
(0.7,1.0,0.9,0.8,0.1,0.5) = (0.0000,0.0000,1.0000)
(0.7,1.0,0.9,0.9,0.1,0.5) = (0.0000,0.0000,1.0000)
(0.7,1.0,0.9,1.0,0.1,0.5) = (0.0000,0.0000,1.0000)
(0.7,1.0,1.0,0.0,0.1,0.5) = (0.0000,0.0000,1.0000)
(0.7,1.0,1.0,0.1,0.1,0.5) = (0.0000,0.0000,1.0000)
(0.7,1.0,1.0,0.2,0.1,0.5) = (0.0000,0.0000,1.0000)
(0.7,1.0,1.0,0.3,0.1,0.5) = (0.0000,0.0000,1.0000)
(0.7,1.0,1.0,0.4,0.1,0.5) = (0.0000,0.0000,1.0000)
(0.7,1.0,1.0,0.5,0.1,0.5) = (0.0000,0.0000,1.0000)
(0.7,1.0,1.0,0.6,0.1,0.5) = (0.0000,0.0000,1.0000)
(0.7,1.0,1.0,0.7,0.1,0.5) = (0.0000,0.0000,1.0000)
(0.7,1.0,1.0,0.8,0.1,0.5) = (0.0000,0.0000,1.0000)
(0.7,1.0,1.0,0.9,0.1,0.5) = (0.0000,0.0000,1.0000)
(0.7,1.0,1.0,1.0,0.1,0.5) = (0.0000,0.0000,1.0000)
(0.8,1.0,0.0,0.0,0.1,0.5) = (1.0000,0.0000,0.0000)
(0.8,1.0,0.0,0.1,0.1,0.5) = (1.0000,0.0000,0.0000)
(0.8,1.0,0.0,0.2,0.1,0.5) = (1.0000,0.0000,0.0000)
(0.8,1.0,0.0,0.3,0.1,0.5) = (1.0000,0.0000,0.0000)
(0.8,1.0,0.0,0.4,0.1,0.5) = (1.0000,0.0000,0.0000)
(0.8,1.0,0.0,0.5,0.1,0.5) = (0.6987,0.0000,0.3013)
(0.8,1.0,0.0,0.6,0.1,0.5) = (0.5649,0.0000,0.4351)
(0.8,1.0,0.0,0.7,0.1,0.5) = (0.4686,0.0000,0.5314)
(0.8,1.0,0.0,0.8,0.1,0.5) = (0.3801,0.0000,0.6199)
(0.8,1.0,0.0,0.9,0.1,0.5) = (0.3218,0.0000,0.6782)
(0.8,1.0,0.0,1.0,0.1,0.5) = (0.2597,0.0000,0.7402)
(0.8,1.0,0.1,0.0,0.1,0.5) = (1.0000,0.0000,0.0000)
(0.8,1.0,0.1,0.1,0.1,0.5) = (1.0000,0.0000,0.0000)
(0.8,1.0,0.1,0.2,0.1,0.5) = (1.0000,0.0000,0.0000)
(0.8,1.0,0.1,0.3,0.1,0.5) = (1.0000,0.0000,0.0000)
(0.8,1.0,0.1,0.4,0.1,0.5) = (0.7693,0.0000,0.2307)
(0.8,1.0,0.1,0.5,0.1,0.5) = (0.5754,0.0000,0.4246)
(0.8,1.0,0.1,0.6,0.1,0.5) = (0.4435,0.0000,0.5565)
(0.8,1.0,0.1,0.7,0.1,0.5) = (0.3467,0.0000,0.6533)
(0.8,1.0,0.1,0.8,0.1,0.5) = (0.2470,0.0000,0.7530)
(0.8,1.0,0.1,0.9,0.1,0.5) = (0.1607,0.0000,0.8393)
(0.8,1.0,0.1,1.0,0.1,0.5) = (0.0449,0.0000,0.9552)
(0.8,1.0,0.2,0.0,0.1,0.5) = (1.0000,0.0000,0.0000)
(0.8,1.0,0.2,0.1,0.1,0.5) = (1.0000,0.0000,0.0000)
(0.8,1.0,0.2,0.2,0.1,0.5) = (1.0000,0.0000,0.0000)
(0.8,1.0,0.2,0.3,0.1,0.5) = (1.0000,0.0000,0.0000)
(0.8,1.0,0.2,0.4,0.1,0.5) = (0.5890,0.0000,0.4110)
(0.8,1.0,0.2,0.5,0.1,0.5) = (0.4081,0.0000,0.5919)
(0.8,1.0,0.2,0.6,0.1,0.5) = (0.2642,0.0000,0.7358)
(0.8,1.0,0.2,0.7,0.1,0.5) = (0.1363,0.0000,0.8638)
(0.8,1.0,0.2,0.8,0.1,0.5) = (0.0000,0.0000,1.0000)
(0.8,1.0,0.2,0.9,0.1,0.5) = (0.0000,0.0000,1.0000)
(0.8,1.0,0.2,1.0,0.1,0.5) = (0.0000,0.0000,1.0000)
(0.8,1.0,0.3,0.0,0.1,0.5) = (1.0000,0.0000,0.0000)
(0.8,1.0,0.3,0.1,0.1,0.5) = (1.0000,0.0000,0.0000)
(0.8,1.0,0.3,0.2,0.1,0.5) = (1.0000,0.0000,0.0000)
(0.8,1.0,0.3,0.3,0.1,0.5) = (0.6073,0.0000,0.3927)
(0.8,1.0,0.3,0.4,0.1,0.5) = (0.3355,0.0000,0.6645)
(0.8,1.0,0.3,0.5,0.1,0.5) = (0.0897,0.0000,0.9103)
(0.8,1.0,0.3,0.6,0.1,0.5) = (0.0000,0.0000,1.0000)
(0.8,1.0,0.3,0.7,0.1,0.5) = (0.0000,0.0000,1.0000)
(0.8,1.0,0.3,0.8,0.1,0.5) = (0.0000,0.0000,1.0000)
(0.8,1.0,0.3,0.9,0.1,0.5) = (0.0000,0.0000,1.0000)
(0.8,1.0,0.3,1.0,0.1,0.5) = (0.0000,0.0000,1.0000)
(0.8,1.0,0.4,0.0,0.1,0.5) = (1.0000,0.0000,0.0000)
(0.8,1.0,0.4,0.1,0.1,0.5) = (1.0000,0.0000,0.0000)
(0.8,1.0,0.4,0.2,0.1,0.5) = (0.6308,0.0000,0.3693)
(0.8,1.0,0.4,0.3,0.1,0.5) = (0.0052,0.0000,0.9948)
(0.8,1.0,0.4,0.4,0.1,0.5) = (0.0000,0.0000,1.0000)
(0.8,1.0,0.4,0.5,0.1,0.5) = (0.0000,0.0000,1.0000)
(0.8,1.0,0.4,0.6,0.1,0.5) = (0.0000,0.0000,1.0000)
(0.8,1.0,0.4,0.7,0.1,0.5) = (0.0000,0.0000,1.0000)
(0.8,1.0,0.4,0.8,0.1,0.5) = (0.0000,0.0000,1.0000)
(0.8,1.0,0.4,0.9,0.1,0.5) = (0.0000,0.0000,1.0000)
(0.8,1.0,0.4,1.0,0.1,0.5) = (0.0000,0.0000,1.0000)
(0.8,1.0,0.5,0.0,0.1,0.5) = (1.0000,0.0000,0.0000)
(0.8,1.0,0.5,0.1,0.1,0.5) = (0.4482,0.0000,0.5517)
(0.8,1.0,0.5,0.2,0.1,0.5) = (0.0000,0.0000,1.0000)
(0.8,1.0,0.5,0.3,0.1,0.5) = (0.0000,0.0000,1.0000)
(0.8,1.0,0.5,0.4,0.1,0.5) = (0.0000,0.0000,1.0000)
(0.8,1.0,0.5,0.5,0.1,0.5) = (0.0000,0.0000,1.0000)
(0.8,1.0,0.5,0.6,0.1,0.5) = (0.0000,0.0000,1.0000)
(0.8,1.0,0.5,0.7,0.1,0.5) = (0.0000,0.0000,1.0000)
(0.8,1.0,0.5,0.8,0.1,0.5) = (0.0000,0.0000,1.0000)
(0.8,1.0,0.5,0.9,0.1,0.5) = (0.0000,0.0000,1.0000)
(0.8,1.0,0.5,1.0,0.1,0.5) = (0.0000,0.0000,1.0000)
(0.8,1.0,0.6,0.0,0.1,0.5) = (0.0000,0.0000,1.0000)
(0.8,1.0,0.6,0.1,0.1,0.5) = (0.0000,0.0000,1.0000)
(0.8,1.0,0.6,0.2,0.1,0.5) = (0.0000,0.0000,1.0000)
(0.8,1.0,0.6,0.3,0.1,0.5) = (0.0000,0.0000,1.0000)
(0.8,1.0,0.6,0.4,0.1,0.5) = (0.0000,0.0000,1.0000)
(0.8,1.0,0.6,0.5,0.1,0.5) = (0.0000,0.0000,1.0000)
(0.8,1.0,0.6,0.6,0.1,0.5) = (0.0000,0.0000,1.0000)
(0.8,1.0,0.6,0.7,0.1,0.5) = (0.0000,0.0000,1.0000)
(0.8,1.0,0.6,0.8,0.1,0.5) = (0.0000,0.0000,1.0000)
(0.8,1.0,0.6,0.9,0.1,0.5) = (0.0000,0.0000,1.0000)
(0.8,1.0,0.6,1.0,0.1,0.5) = (0.0000,0.0000,1.0000)
(0.8,1.0,0.7,0.0,0.1,0.5) = (0.0000,0.0000,1.0000)
(0.8,1.0,0.7,0.1,0.1,0.5) = (0.0000,0.0000,1.0000)
(0.8,1.0,0.7,0.2,0.1,0.5) = (0.0000,0.0000,1.0000)
(0.8,1.0,0.7,0.3,0.1,0.5) = (0.0000,0.0000,1.0000)
(0.8,1.0,0.7,0.4,0.1,0.5) = (0.0000,0.0000,1.0000)
(0.8,1.0,0.7,0.5,0.1,0.5) = (0.0000,0.0000,1.0000)
(0.8,1.0,0.7,0.6,0.1,0.5) = (0.0000,0.0000,1.0000)
(0.8,1.0,0.7,0.7,0.1,0.5) = (0.0000,0.0000,1.0000)
(0.8,1.0,0.7,0.8,0.1,0.5) = (0.0000,0.0000,1.0000)
(0.8,1.0,0.7,0.9,0.1,0.5) = (0.0000,0.0000,1.0000)
(0.8,1.0,0.7,1.0,0.1,0.5) = (0.0000,0.0000,1.0000)
(0.8,1.0,0.8,0.0,0.1,0.5) = (0.0000,0.0000,1.0000)
(0.8,1.0,0.8,0.1,0.1,0.5) = (0.0000,0.0000,1.0000)
(0.8,1.0,0.8,0.2,0.1,0.5) = (0.0000,0.0000,1.0000)
(0.8,1.0,0.8,0.3,0.1,0.5) = (0.0000,0.0000,1.0000)
(0.8,1.0,0.8,0.4,0.1,0.5) = (0.0000,0.0000,1.0000)
(0.8,1.0,0.8,0.5,0.1,0.5) = (0.0000,0.0000,1.0000)
(0.8,1.0,0.8,0.6,0.1,0.5) = (0.0000,0.0000,1.0000)
(0.8,1.0,0.8,0.7,0.1,0.5) = (0.0000,0.0000,1.0000)
(0.8,1.0,0.8,0.8,0.1,0.5) = (0.0000,0.0000,1.0000)
(0.8,1.0,0.8,0.9,0.1,0.5) = (0.0000,0.0000,1.0000)
(0.8,1.0,0.8,1.0,0.1,0.5) = (0.0000,0.0000,1.0000)
(0.8,1.0,0.9,0.0,0.1,0.5) = (0.0000,0.0000,1.0000)
(0.8,1.0,0.9,0.1,0.1,0.5) = (0.0000,0.0000,1.0000)
(0.8,1.0,0.9,0.2,0.1,0.5) = (0.0000,0.0000,1.0000)
(0.8,1.0,0.9,0.3,0.1,0.5) = (0.0000,0.0000,1.0000)
(0.8,1.0,0.9,0.4,0.1,0.5) = (0.0000,0.0000,1.0000)
(0.8,1.0,0.9,0.5,0.1,0.5) = (0.0000,0.0000,1.0000)
(0.8,1.0,0.9,0.6,0.1,0.5) = (0.0000,0.0000,1.0000)
(0.8,1.0,0.9,0.7,0.1,0.5) = (0.0000,0.0000,1.0000)
(0.8,1.0,0.9,0.8,0.1,0.5) = (0.0000,0.0000,1.0000)
(0.8,1.0,0.9,0.9,0.1,0.5) = (0.0000,0.0000,1.0000)
(0.8,1.0,0.9,1.0,0.1,0.5) = (0.0000,0.0000,1.0000)
(0.8,1.0,1.0,0.0,0.1,0.5) = (0.0000,0.0000,1.0000)
(0.8,1.0,1.0,0.1,0.1,0.5) = (0.0000,0.0000,1.0000)
(0.8,1.0,1.0,0.2,0.1,0.5) = (0.0000,0.0000,1.0000)
(0.8,1.0,1.0,0.3,0.1,0.5) = (0.0000,0.0000,1.0000)
(0.8,1.0,1.0,0.4,0.1,0.5) = (0.0000,0.0000,1.0000)
(0.8,1.0,1.0,0.5,0.1,0.5) = (0.0000,0.0000,1.0000)
(0.8,1.0,1.0,0.6,0.1,0.5) = (0.0000,0.0000,1.0000)
(0.8,1.0,1.0,0.7,0.1,0.5) = (0.0000,0.0000,1.0000)
(0.8,1.0,1.0,0.8,0.1,0.5) = (0.0000,0.0000,1.0000)
(0.8,1.0,1.0,0.9,0.1,0.5) = (0.0000,0.0000,1.0000)
(0.8,1.0,1.0,1.0,0.1,0.5) = (0.0000,0.0000,1.0000)
(0.9,1.0,0.0,0.0,0.1,0.5) = (1.0000,0.0000,0.0000)
(0.9,1.0,0.0,0.1,0.1,0.5) = (1.0000,0.0000,0.0000)
(0.9,1.0,0.0,0.2,0.1,0.5) = (1.0000,0.0000,0.0000)
(0.9,1.0,0.0,0.3,0.1,0.5) = (1.0000,0.0000,0.0000)
(0.9,1.0,0.0,0.4,0.1,0.5) = (1.0000,0.0000,0.0000)
(0.9,1.0,0.0,0.5,0.1,0.5) = (0.6972,0.0000,0.3028)
(0.9,1.0,0.0,0.6,0.1,0.5) = (0.5643,0.0000,0.4357)
(0.9,1.0,0.0,0.7,0.1,0.5) = (0.4655,0.0000,0.5345)
(0.9,1.0,0.0,0.8,0.1,0.5) = (0.3891,0.0000,0.6109)
(0.9,1.0,0.0,0.9,0.1,0.5) = (0.3213,0.0000,0.6787)
(0.9,1.0,0.0,1.0,0.1,0.5) = (0.2517,0.0000,0.7482)
(0.9,1.0,0.1,0.0,0.1,0.5) = (1.0000,0.0000,0.0000)
(0.9,1.0,0.1,0.1,0.1,0.5) = (1.0000,0.0000,0.0000)
(0.9,1.0,0.1,0.2,0.1,0.5) = (1.0000,0.0000,0.0000)
(0.9,1.0,0.1,0.3,0.1,0.5) = (1.0000,0.0000,0.0000)
(0.9,1.0,0.1,0.4,0.1,0.5) = (0.7735,0.0000,0.2265)
(0.9,1.0,0.1,0.5,0.1,0.5) = (0.5762,0.0000,0.4238)
(0.9,1.0,0.1,0.6,0.1,0.5) = (0.4471,0.0000,0.5530)
(0.9,1.0,0.1,0.7,0.1,0.5) = (0.3429,0.0000,0.6571)
(0.9,1.0,0.1,0.8,0.1,0.5) = (0.2604,0.0000,0.7396)
(0.9,1.0,0.1,0.9,0.1,0.5) = (0.1604,0.0000,0.8396)
(0.9,1.0,0.1,1.0,0.1,0.5) = (0.0340,0.0000,0.9660)
(0.9,1.0,0.2,0.0,0.1,0.5) = (1.0000,0.0000,0.0000)
(0.9,1.0,0.2,0.1,0.1,0.5) = (1.0000,0.0000,0.0000)
(0.9,1.0,0.2,0.2,0.1,0.5) = (1.0000,0.0000,0.0000)
(0.9,1.0,0.2,0.3,0.1,0.5) = (1.0000,0.0000,0.0000)
(0.9,1.0,0.2,0.4,0.1,0.5) = (0.5939,0.0000,0.4061)
(0.9,1.0,0.2,0.5,0.1,0.5) = (0.4122,0.0000,0.5878)
(0.9,1.0,0.2,0.6,0.1,0.5) = (0.2645,0.0000,0.7355)
(0.9,1.0,0.2,0.7,0.1,0.5) = (0.1307,0.0000,0.8693)
(0.9,1.0,0.2,0.8,0.1,0.5) = (0.0000,0.0000,1.0000)
(0.9,1.0,0.2,0.9,0.1,0.5) = (0.0000,0.0000,1.0000)
(0.9,1.0,0.2,1.0,0.1,0.5) = (0.0000,0.0000,1.0000)
(0.9,1.0,0.3,0.0,0.1,0.5) = (1.0000,0.0000,0.0000)
(0.9,1.0,0.3,0.1,0.1,0.5) = (1.0000,0.0000,0.0000)
(0.9,1.0,0.3,0.2,0.1,0.5) = (1.0000,0.0000,0.0000)
(0.9,1.0,0.3,0.3,0.1,0.5) = (0.5941,0.0000,0.4059)
(0.9,1.0,0.3,0.4,0.1,0.5) = (0.3258,0.0000,0.6742)
(0.9,1.0,0.3,0.5,0.1,0.5) = (0.0842,0.0000,0.9159)
(0.9,1.0,0.3,0.6,0.1,0.5) = (0.0000,0.0000,1.0000)
(0.9,1.0,0.3,0.7,0.1,0.5) = (0.0000,0.0000,1.0000)
(0.9,1.0,0.3,0.8,0.1,0.5) = (0.0000,0.0000,1.0000)
(0.9,1.0,0.3,0.9,0.1,0.5) = (0.0000,0.0000,1.0000)
(0.9,1.0,0.3,1.0,0.1,0.5) = (0.0000,0.0000,1.0000)
(0.9,1.0,0.4,0.0,0.1,0.5) = (1.0000,0.0000,0.0000)
(0.9,1.0,0.4,0.1,0.1,0.5) = (1.0000,0.0000,0.0000)
(0.9,1.0,0.4,0.2,0.1,0.5) = (0.6353,0.0000,0.3647)
(0.9,1.0,0.4,0.3,0.1,0.5) = (0.0028,0.0000,0.9972)
(0.9,1.0,0.4,0.4,0.1,0.5) = (0.0000,0.0000,1.0000)
(0.9,1.0,0.4,0.5,0.1,0.5) = (0.0000,0.0000,1.0000)
(0.9,1.0,0.4,0.6,0.1,0.5) = (0.0000,0.0000,1.0000)
(0.9,1.0,0.4,0.7,0.1,0.5) = (0.0000,0.0000,1.0000)
(0.9,1.0,0.4,0.8,0.1,0.5) = (0.0000,0.0000,1.0000)
(0.9,1.0,0.4,0.9,0.1,0.5) = (0.0000,0.0000,1.0000)
(0.9,1.0,0.4,1.0,0.1,0.5) = (0.0000,0.0000,1.0000)
(0.9,1.0,0.5,0.0,0.1,0.5) = (1.0000,0.0000,0.0000)
(0.9,1.0,0.5,0.1,0.1,0.5) = (0.5173,0.0000,0.4827)
(0.9,1.0,0.5,0.2,0.1,0.5) = (0.0000,0.0000,1.0000)
(0.9,1.0,0.5,0.3,0.1,0.5) = (0.0000,0.0000,1.0000)
(0.9,1.0,0.5,0.4,0.1,0.5) = (0.0000,0.0000,1.0000)
(0.9,1.0,0.5,0.5,0.1,0.5) = (0.0000,0.0000,1.0000)
(0.9,1.0,0.5,0.6,0.1,0.5) = (0.0000,0.0000,1.0000)
(0.9,1.0,0.5,0.7,0.1,0.5) = (0.0000,0.0000,1.0000)
(0.9,1.0,0.5,0.8,0.1,0.5) = (0.0000,0.0000,1.0000)
(0.9,1.0,0.5,0.9,0.1,0.5) = (0.0000,0.0000,1.0000)
(0.9,1.0,0.5,1.0,0.1,0.5) = (0.0000,0.0000,1.0000)
(0.9,1.0,0.6,0.0,0.1,0.5) = (0.0000,0.0000,1.0000)
(0.9,1.0,0.6,0.1,0.1,0.5) = (0.0000,0.0000,1.0000)
(0.9,1.0,0.6,0.2,0.1,0.5) = (0.0000,0.0000,1.0000)
(0.9,1.0,0.6,0.3,0.1,0.5) = (0.0000,0.0000,1.0000)
(0.9,1.0,0.6,0.4,0.1,0.5) = (0.0000,0.0000,1.0000)
(0.9,1.0,0.6,0.5,0.1,0.5) = (0.0000,0.0000,1.0000)
(0.9,1.0,0.6,0.6,0.1,0.5) = (0.0000,0.0000,1.0000)
(0.9,1.0,0.6,0.7,0.1,0.5) = (0.0000,0.0000,1.0000)
(0.9,1.0,0.6,0.8,0.1,0.5) = (0.0000,0.0000,1.0000)
(0.9,1.0,0.6,0.9,0.1,0.5) = (0.0000,0.0000,1.0000)
(0.9,1.0,0.6,1.0,0.1,0.5) = (0.0000,0.0000,1.0000)
(0.9,1.0,0.7,0.0,0.1,0.5) = (0.0000,0.0000,1.0000)
(0.9,1.0,0.7,0.1,0.1,0.5) = (0.0000,0.0000,1.0000)
(0.9,1.0,0.7,0.2,0.1,0.5) = (0.0000,0.0000,1.0000)
(0.9,1.0,0.7,0.3,0.1,0.5) = (0.0000,0.0000,1.0000)
(0.9,1.0,0.7,0.4,0.1,0.5) = (0.0000,0.0000,1.0000)
(0.9,1.0,0.7,0.5,0.1,0.5) = (0.0000,0.0000,1.0000)
(0.9,1.0,0.7,0.6,0.1,0.5) = (0.0000,0.0000,1.0000)
(0.9,1.0,0.7,0.7,0.1,0.5) = (0.0000,0.0000,1.0000)
(0.9,1.0,0.7,0.8,0.1,0.5) = (0.0000,0.0000,1.0000)
(0.9,1.0,0.7,0.9,0.1,0.5) = (0.0000,0.0000,1.0000)
(0.9,1.0,0.7,1.0,0.1,0.5) = (0.0000,0.0000,1.0000)
(0.9,1.0,0.8,0.0,0.1,0.5) = (0.0000,0.0000,1.0000)
(0.9,1.0,0.8,0.1,0.1,0.5) = (0.0000,0.0000,1.0000)
(0.9,1.0,0.8,0.2,0.1,0.5) = (0.0000,0.0000,1.0000)
(0.9,1.0,0.8,0.3,0.1,0.5) = (0.0000,0.0000,1.0000)
(0.9,1.0,0.8,0.4,0.1,0.5) = (0.0000,0.0000,1.0000)
(0.9,1.0,0.8,0.5,0.1,0.5) = (0.0000,0.0000,1.0000)
(0.9,1.0,0.8,0.6,0.1,0.5) = (0.0000,0.0000,1.0000)
(0.9,1.0,0.8,0.7,0.1,0.5) = (0.0000,0.0000,1.0000)
(0.9,1.0,0.8,0.8,0.1,0.5) = (0.0000,0.0000,1.0000)
(0.9,1.0,0.8,0.9,0.1,0.5) = (0.0000,0.0000,1.0000)
(0.9,1.0,0.8,1.0,0.1,0.5) = (0.0000,0.0000,1.0000)
(0.9,1.0,0.9,0.0,0.1,0.5) = (0.0000,0.0000,1.0000)
(0.9,1.0,0.9,0.1,0.1,0.5) = (0.0000,0.0000,1.0000)
(0.9,1.0,0.9,0.2,0.1,0.5) = (0.0000,0.0000,1.0000)
(0.9,1.0,0.9,0.3,0.1,0.5) = (0.0000,0.0000,1.0000)
(0.9,1.0,0.9,0.4,0.1,0.5) = (0.0000,0.0000,1.0000)
(0.9,1.0,0.9,0.5,0.1,0.5) = (0.0000,0.0000,1.0000)
(0.9,1.0,0.9,0.6,0.1,0.5) = (0.0000,0.0000,1.0000)
(0.9,1.0,0.9,0.7,0.1,0.5) = (0.0000,0.0000,1.0000)
(0.9,1.0,0.9,0.8,0.1,0.5) = (0.0000,0.0000,1.0000)
(0.9,1.0,0.9,0.9,0.1,0.5) = (0.0000,0.0000,1.0000)
(0.9,1.0,0.9,1.0,0.1,0.5) = (0.0000,0.0000,1.0000)
(0.9,1.0,1.0,0.0,0.1,0.5) = (0.0000,0.0000,1.0000)
(0.9,1.0,1.0,0.1,0.1,0.5) = (0.0000,0.0000,1.0000)
(0.9,1.0,1.0,0.2,0.1,0.5) = (0.0000,0.0000,1.0000)
(0.9,1.0,1.0,0.3,0.1,0.5) = (0.0000,0.0000,1.0000)
(0.9,1.0,1.0,0.4,0.1,0.5) = (0.0000,0.0000,1.0000)
(0.9,1.0,1.0,0.5,0.1,0.5) = (0.0000,0.0000,1.0000)
(0.9,1.0,1.0,0.6,0.1,0.5) = (0.0000,0.0000,1.0000)
(0.9,1.0,1.0,0.7,0.1,0.5) = (0.0000,0.0000,1.0000)
(0.9,1.0,1.0,0.8,0.1,0.5) = (0.0000,0.0000,1.0000)
(0.9,1.0,1.0,0.9,0.1,0.5) = (0.0000,0.0000,1.0000)
(0.9,1.0,1.0,1.0,0.1,0.5) = (0.0000,0.0000,1.0000)
(1.0,1.0,0.0,0.0,0.1,0.5) = (1.0000,0.0000,0.0000)
(1.0,1.0,0.0,0.1,0.1,0.5) = (1.0000,0.0000,0.0000)
(1.0,1.0,0.0,0.2,0.1,0.5) = (1.0000,0.0000,0.0000)
(1.0,1.0,0.0,0.3,0.1,0.5) = (1.0000,0.0000,0.0000)
(1.0,1.0,0.0,0.4,0.1,0.5) = (1.0000,0.0000,0.0000)
(1.0,1.0,0.0,0.5,0.1,0.5) = (0.7035,0.0000,0.2965)
(1.0,1.0,0.0,0.6,0.1,0.5) = (0.5648,0.0000,0.4352)
(1.0,1.0,0.0,0.7,0.1,0.5) = (0.4641,0.0000,0.5359)
(1.0,1.0,0.0,0.8,0.1,0.5) = (0.3900,0.0000,0.6100)
(1.0,1.0,0.0,0.9,0.1,0.5) = (0.3212,0.0000,0.6788)
(1.0,1.0,0.0,1.0,0.1,0.5) = (0.2490,0.0000,0.7510)
(1.0,1.0,0.1,0.0,0.1,0.5) = (1.0000,0.0000,0.0000)
(1.0,1.0,0.1,0.1,0.1,0.5) = (1.0000,0.0000,0.0000)
(1.0,1.0,0.1,0.2,0.1,0.5) = (1.0000,0.0000,0.0000)
(1.0,1.0,0.1,0.3,0.1,0.5) = (1.0000,0.0000,0.0000)
(1.0,1.0,0.1,0.4,0.1,0.5) = (0.7610,0.0000,0.2391)
(1.0,1.0,0.1,0.5,0.1,0.5) = (0.5653,0.0000,0.4347)
(1.0,1.0,0.1,0.6,0.1,0.5) = (0.4517,0.0000,0.5483)
(1.0,1.0,0.1,0.7,0.1,0.5) = (0.3424,0.0000,0.6576)
(1.0,1.0,0.1,0.8,0.1,0.5) = (0.2560,0.0000,0.7440)
(1.0,1.0,0.1,0.9,0.1,0.5) = (0.1608,0.0000,0.8391)
(1.0,1.0,0.1,1.0,0.1,0.5) = (0.0324,0.0000,0.9676)
(1.0,1.0,0.2,0.0,0.1,0.5) = (1.0000,0.0000,0.0000)
(1.0,1.0,0.2,0.1,0.1,0.5) = (1.0000,0.0000,0.0000)
(1.0,1.0,0.2,0.2,0.1,0.5) = (1.0000,0.0000,0.0000)
(1.0,1.0,0.2,0.3,0.1,0.5) = (1.0000,0.0000,0.0000)
(1.0,1.0,0.2,0.4,0.1,0.5) = (0.5860,0.0000,0.4140)
(1.0,1.0,0.2,0.5,0.1,0.5) = (0.4002,0.0000,0.5998)
(1.0,1.0,0.2,0.6,0.1,0.5) = (0.2665,0.0000,0.7336)
(1.0,1.0,0.2,0.7,0.1,0.5) = (0.1374,0.0000,0.8626)
(1.0,1.0,0.2,0.8,0.1,0.5) = (0.0000,0.0000,1.0000)
(1.0,1.0,0.2,0.9,0.1,0.5) = (0.0000,0.0000,1.0000)
(1.0,1.0,0.2,1.0,0.1,0.5) = (0.0000,0.0000,1.0000)
(1.0,1.0,0.3,0.0,0.1,0.5) = (1.0000,0.0000,0.0000)
(1.0,1.0,0.3,0.1,0.1,0.5) = (1.0000,0.0000,0.0000)
(1.0,1.0,0.3,0.2,0.1,0.5) = (1.0000,0.0000,0.0000)
(1.0,1.0,0.3,0.3,0.1,0.5) = (0.5999,0.0000,0.4001)
(1.0,1.0,0.3,0.4,0.1,0.5) = (0.3269,0.0000,0.6731)
(1.0,1.0,0.3,0.5,0.1,0.5) = (0.0722,0.0000,0.9278)
(1.0,1.0,0.3,0.6,0.1,0.5) = (0.0000,0.0000,1.0000)
(1.0,1.0,0.3,0.7,0.1,0.5) = (0.0000,0.0000,1.0000)
(1.0,1.0,0.3,0.8,0.1,0.5) = (0.0000,0.0000,1.0000)
(1.0,1.0,0.3,0.9,0.1,0.5) = (0.0000,0.0000,1.0000)
(1.0,1.0,0.3,1.0,0.1,0.5) = (0.0000,0.0000,1.0000)
(1.0,1.0,0.4,0.0,0.1,0.5) = (1.0000,0.0000,0.0000)
(1.0,1.0,0.4,0.1,0.1,0.5) = (1.0000,0.0000,0.0000)
(1.0,1.0,0.4,0.2,0.1,0.5) = (0.6331,0.0000,0.3669)
(1.0,1.0,0.4,0.3,0.1,0.5) = (0.0000,0.0000,1.0000)
(1.0,1.0,0.4,0.4,0.1,0.5) = (0.0000,0.0000,1.0000)
(1.0,1.0,0.4,0.5,0.1,0.5) = (0.0000,0.0000,1.0000)
(1.0,1.0,0.4,0.6,0.1,0.5) = (0.0000,0.0000,1.0000)
(1.0,1.0,0.4,0.7,0.1,0.5) = (0.0000,0.0000,1.0000)
(1.0,1.0,0.4,0.8,0.1,0.5) = (0.0000,0.0000,1.0000)
(1.0,1.0,0.4,0.9,0.1,0.5) = (0.0000,0.0000,1.0000)
(1.0,1.0,0.4,1.0,0.1,0.5) = (0.0000,0.0000,1.0000)
(1.0,1.0,0.5,0.0,0.1,0.5) = (1.0000,0.0000,0.0000)
(1.0,1.0,0.5,0.1,0.1,0.5) = (0.5092,0.0000,0.4908)
(1.0,1.0,0.5,0.2,0.1,0.5) = (0.0000,0.0000,1.0000)
(1.0,1.0,0.5,0.3,0.1,0.5) = (0.0000,0.0000,1.0000)
(1.0,1.0,0.5,0.4,0.1,0.5) = (0.0000,0.0000,1.0000)
(1.0,1.0,0.5,0.5,0.1,0.5) = (0.0000,0.0000,1.0000)
(1.0,1.0,0.5,0.6,0.1,0.5) = (0.0000,0.0000,1.0000)
(1.0,1.0,0.5,0.7,0.1,0.5) = (0.0000,0.0000,1.0000)
(1.0,1.0,0.5,0.8,0.1,0.5) = (0.0000,0.0000,1.0000)
(1.0,1.0,0.5,0.9,0.1,0.5) = (0.0000,0.0000,1.0000)
(1.0,1.0,0.5,1.0,0.1,0.5) = (0.0000,0.0000,1.0000)
(1.0,1.0,0.6,0.0,0.1,0.5) = (0.0000,0.0000,1.0000)
(1.0,1.0,0.6,0.1,0.1,0.5) = (0.0000,0.0000,1.0000)
(1.0,1.0,0.6,0.2,0.1,0.5) = (0.0000,0.0000,1.0000)
(1.0,1.0,0.6,0.3,0.1,0.5) = (0.0000,0.0000,1.0000)
(1.0,1.0,0.6,0.4,0.1,0.5) = (0.0000,0.0000,1.0000)
(1.0,1.0,0.6,0.5,0.1,0.5) = (0.0000,0.0000,1.0000)
(1.0,1.0,0.6,0.6,0.1,0.5) = (0.0000,0.0000,1.0000)
(1.0,1.0,0.6,0.7,0.1,0.5) = (0.0000,0.0000,1.0000)
(1.0,1.0,0.6,0.8,0.1,0.5) = (0.0000,0.0000,1.0000)
(1.0,1.0,0.6,0.9,0.1,0.5) = (0.0000,0.0000,1.0000)
(1.0,1.0,0.6,1.0,0.1,0.5) = (0.0000,0.0000,1.0000)
(1.0,1.0,0.7,0.0,0.1,0.5) = (0.0000,0.0000,1.0000)
(1.0,1.0,0.7,0.1,0.1,0.5) = (0.0000,0.0000,1.0000)
(1.0,1.0,0.7,0.2,0.1,0.5) = (0.0000,0.0000,1.0000)
(1.0,1.0,0.7,0.3,0.1,0.5) = (0.0000,0.0000,1.0000)
(1.0,1.0,0.7,0.4,0.1,0.5) = (0.0000,0.0000,1.0000)
(1.0,1.0,0.7,0.5,0.1,0.5) = (0.0000,0.0000,1.0000)
(1.0,1.0,0.7,0.6,0.1,0.5) = (0.0000,0.0000,1.0000)
(1.0,1.0,0.7,0.7,0.1,0.5) = (0.0000,0.0000,1.0000)
(1.0,1.0,0.7,0.8,0.1,0.5) = (0.0000,0.0000,1.0000)
(1.0,1.0,0.7,0.9,0.1,0.5) = (0.0000,0.0000,1.0000)
(1.0,1.0,0.7,1.0,0.1,0.5) = (0.0000,0.0000,1.0000)
(1.0,1.0,0.8,0.0,0.1,0.5) = (0.0000,0.0000,1.0000)
(1.0,1.0,0.8,0.1,0.1,0.5) = (0.0000,0.0000,1.0000)
(1.0,1.0,0.8,0.2,0.1,0.5) = (0.0000,0.0000,1.0000)
(1.0,1.0,0.8,0.3,0.1,0.5) = (0.0000,0.0000,1.0000)
(1.0,1.0,0.8,0.4,0.1,0.5) = (0.0000,0.0000,1.0000)
(1.0,1.0,0.8,0.5,0.1,0.5) = (0.0000,0.0000,1.0000)
(1.0,1.0,0.8,0.6,0.1,0.5) = (0.0000,0.0000,1.0000)
(1.0,1.0,0.8,0.7,0.1,0.5) = (0.0000,0.0000,1.0000)
(1.0,1.0,0.8,0.8,0.1,0.5) = (0.0000,0.0000,1.0000)
(1.0,1.0,0.8,0.9,0.1,0.5) = (0.0000,0.0000,1.0000)
(1.0,1.0,0.8,1.0,0.1,0.5) = (0.0000,0.0000,1.0000)
(1.0,1.0,0.9,0.0,0.1,0.5) = (0.0000,0.0000,1.0000)
(1.0,1.0,0.9,0.1,0.1,0.5) = (0.0000,0.0000,1.0000)
(1.0,1.0,0.9,0.2,0.1,0.5) = (0.0000,0.0000,1.0000)
(1.0,1.0,0.9,0.3,0.1,0.5) = (0.0000,0.0000,1.0000)
(1.0,1.0,0.9,0.4,0.1,0.5) = (0.0000,0.0000,1.0000)
(1.0,1.0,0.9,0.5,0.1,0.5) = (0.0000,0.0000,1.0000)
(1.0,1.0,0.9,0.6,0.1,0.5) = (0.0000,0.0000,1.0000)
(1.0,1.0,0.9,0.7,0.1,0.5) = (0.0000,0.0000,1.0000)
(1.0,1.0,0.9,0.8,0.1,0.5) = (0.0000,0.0000,1.0000)
(1.0,1.0,0.9,0.9,0.1,0.5) = (0.0000,0.0000,1.0000)
(1.0,1.0,0.9,1.0,0.1,0.5) = (0.0000,0.0000,1.0000)
(1.0,1.0,1.0,0.0,0.1,0.5) = (0.0000,0.0000,1.0000)
(1.0,1.0,1.0,0.1,0.1,0.5) = (0.0000,0.0000,1.0000)
(1.0,1.0,1.0,0.2,0.1,0.5) = (0.0000,0.0000,1.0000)
(1.0,1.0,1.0,0.3,0.1,0.5) = (0.0000,0.0000,1.0000)
(1.0,1.0,1.0,0.4,0.1,0.5) = (0.0000,0.0000,1.0000)
(1.0,1.0,1.0,0.5,0.1,0.5) = (0.0000,0.0000,1.0000)
(1.0,1.0,1.0,0.6,0.1,0.5) = (0.0000,0.0000,1.0000)
(1.0,1.0,1.0,0.7,0.1,0.5) = (0.0000,0.0000,1.0000)
(1.0,1.0,1.0,0.8,0.1,0.5) = (0.0000,0.0000,1.0000)
(1.0,1.0,1.0,0.9,0.1,0.5) = (0.0000,0.0000,1.0000)
(1.0,1.0,1.0,1.0,0.1,0.5) = (0.0000,0.0000,1.0000)
