000000 0.5026 0.2506 0.2468
000010 0.4021 0.1998 0.3981
000020 0.2567 0.2863 0.4570
000030 0.1734 0.4071 0.4195
000040 0.1492 0.5356 0.3151
000050 0.1592 0.6081 0.2328
000060 0.1950 0.6344 0.1706
000070 0.2476 0.6120 0.1404
000080 0.3202 0.5608 0.1190
000090 0.3953 0.4857 0.1190
000100 0.4570 0.4096 0.1334
000110 0.4992 0.3483 0.1525
000120 0.5138 0.2937 0.1925
000130 0.4939 0.2712 0.2349
000140 0.4495 0.2778 0.2727
000150 0.4073 0.2965 0.2962
000160 0.3514 0.3340 0.3145
000170 0.3014 0.3724 0.3263
000180 0.2655 0.4226 0.3120
000190 0.2538 0.4627 0.2835
000200 0.2555 0.4942 0.2503
000210 0.2791 0.5040 0.2169
000220 0.2989 0.5011 0.2000
000230 0.3175 0.4911 0.1914
000240 0.3433 0.4713 0.1853
000250 0.3645 0.4375 0.1979
000260 0.3822 0.4159 0.2019
000270 0.3871 0.4007 0.2122
000280 0.3894 0.3857 0.2250
000290 0.3873 0.3708 0.2419
000300 0.3679 0.3771 0.2549
000310 0.3472 0.3905 0.2623
000320 0.3302 0.4127 0.2571
000330 0.3303 0.4204 0.2494
000340 0.3211 0.4328 0.2461
000350 0.3090 0.4502 0.2408
000360 0.3035 0.4670 0.2295
000370 0.3087 0.4776 0.2137
000380 0.3222 0.4731 0.2047
000390 0.3246 0.4694 0.2059
000400 0.3383 0.4567 0.2050
000410 0.3598 0.4345 0.2057
000420 0.3740 0.4160 0.2100
000430 0.3803 0.4095 0.2102
000440 0.3883 0.3953 0.2164
000450 0.3779 0.3895 0.2326
000460 0.3635 0.3887 0.2477
000470 0.3585 0.3880 0.2535
000480 0.3517 0.3855 0.2628
000490 0.3370 0.3987 0.2643
000500 0.3251 0.4130 0.2619
000510 0.3240 0.4334 0.2427
000520 0.3212 0.4417 0.2371
000530 0.3129 0.4593 0.2278
000540 0.3092 0.4636 0.2272
000550 0.3122 0.4591 0.2288
000560 0.3180 0.4597 0.2223
000570 0.3180 0.4597 0.2223
000580 0.3180 0.4597 0.2223
000590 0.3180 0.4597 0.2223
000600 0.3180 0.4597 0.2223
000610 0.3180 0.4597 0.2223
000620 0.3180 0.4597 0.2223
000630 0.3180 0.4597 0.2223
000640 0.3180 0.4597 0.2223
000650 0.3180 0.4597 0.2223
000660 0.3180 0.4597 0.2223
000670 0.3180 0.4597 0.2223
000680 0.3180 0.4597 0.2223
000690 0.3180 0.4597 0.2223
000700 0.3180 0.4597 0.2223
000710 0.3180 0.4597 0.2223
000720 0.3180 0.4597 0.2223
000730 0.3180 0.4597 0.2223
000740 0.3180 0.4597 0.2223
000750 0.3180 0.4597 0.2223
000760 0.3180 0.4597 0.2223
000770 0.3180 0.4597 0.2223
000780 0.3180 0.4597 0.2223
000790 0.3180 0.4597 0.2223
000800 0.3180 0.4597 0.2223
000810 0.3180 0.4597 0.2223
000820 0.3180 0.4597 0.2223
000830 0.3180 0.4597 0.2223
000840 0.3180 0.4597 0.2223
000850 0.3180 0.4597 0.2223
000860 0.3180 0.4597 0.2223
000870 0.3180 0.4597 0.2223
000880 0.3180 0.4597 0.2223
000890 0.3180 0.4597 0.2223
000900 0.3180 0.4597 0.2223
000910 0.3180 0.4597 0.2223
000920 0.3180 0.4597 0.2223
000930 0.3180 0.4597 0.2223
000940 0.3180 0.4597 0.2223
000950 0.3180 0.4597 0.2223
000960 0.3180 0.4597 0.2223
000970 0.3180 0.4597 0.2223
000980 0.3180 0.4597 0.2223
000990 0.3180 0.4597 0.2223
001000 0.3180 0.4597 0.2223
