000000 0.5006 0.2486 0.2508
001000 0.9613 0.0000 0.0387
002000 0.9882 0.0000 0.0118
003000 0.9950 0.0000 0.0050
004000 0.9989 0.0000 0.0011
005000 0.9992 0.0000 0.0008
006000 0.9977 0.0000 0.0024
007000 0.9997 0.0000 0.0003
008000 1.0000 0.0000 0.0000
009000 1.0000 0.0000 0.0000
010000 1.0000 0.0000 0.0000
011000 1.0000 0.0000 0.0000
012000 1.0000 0.0000 0.0000
013000 1.0000 0.0000 0.0000
014000 1.0000 0.0000 0.0000
015000 1.0000 0.0000 0.0000
016000 1.0000 0.0000 0.0000
017000 1.0000 0.0000 0.0000
018000 1.0000 0.0000 0.0000
019000 1.0000 0.0000 0.0000
020000 1.0000 0.0000 0.0000
