000000 0.5029 0.2449 0.2522
000010 0.6496 0.1169 0.2335
000020 0.6667 0.0960 0.2373
000030 0.6748 0.0752 0.2500
000040 0.6762 0.0680 0.2558
000050 0.6804 0.0527 0.2669
000060 0.6699 0.0424 0.2877
000070 0.6571 0.0377 0.3051
000080 0.6485 0.0343 0.3172
000090 0.6304 0.0311 0.3385
000100 0.6117 0.0291 0.3592
000110 0.6049 0.0267 0.3684
000120 0.5966 0.0267 0.3767
000130 0.5979 0.0233 0.3787
000140 0.5849 0.0209 0.3942
000150 0.5775 0.0193 0.4032
000160 0.5663 0.0170 0.4167
000170 0.5611 0.0155 0.4235
000180 0.5414 0.0123 0.4463
000190 0.5427 0.0091 0.4482
000200 0.5367 0.0085 0.4547
000210 0.5257 0.0063 0.4679
000220 0.5084 0.0073 0.4843
000230 0.5036 0.0082 0.4882
000240 0.4954 0.0097 0.4949
000250 0.4861 0.0104 0.5035
000260 0.4852 0.0127 0.5021
000270 0.4770 0.0136 0.5094
000280 0.4758 0.0134 0.5108
000290 0.4741 0.0151 0.5108
000300 0.4732 0.0160 0.5108
000310 0.4684 0.0170 0.5146
000320 0.4628 0.0146 0.5225
000330 0.4664 0.0123 0.5213
000340 0.4683 0.0115 0.5202
000350 0.4755 0.0086 0.5158
000360 0.4735 0.0095 0.5170
000370 0.4713 0.0092 0.5194
000380 0.4695 0.0097 0.5207
000390 0.4650 0.0093 0.5257
000400 0.4625 0.0091 0.5284
000410 0.4633 0.0084 0.5283
000420 0.4641 0.0084 0.5274
000430 0.4537 0.0059 0.5404
000440 0.4555 0.0051 0.5394
000450 0.4471 0.0072 0.5457
000460 0.4453 0.0062 0.5485
000470 0.4417 0.0049 0.5534
000480 0.4384 0.0059 0.5557
000490 0.4390 0.0064 0.5545
000500 0.4414 0.0078 0.5508
000510 0.4393 0.0076 0.5531
000520 0.4393 0.0076 0.5531
000530 0.4393 0.0076 0.5531
000540 0.4393 0.0076 0.5531
000550 0.4393 0.0076 0.5531
000560 0.4393 0.0076 0.5531
000570 0.4393 0.0076 0.5531
000580 0.4393 0.0076 0.5531
000590 0.4393 0.0076 0.5531
000600 0.4393 0.0076 0.5531
000610 0.4393 0.0076 0.5531
000620 0.4393 0.0076 0.5531
000630 0.4393 0.0076 0.5531
000640 0.4393 0.0076 0.5531
000650 0.4393 0.0076 0.5531
000660 0.4393 0.0076 0.5531
000670 0.4393 0.0076 0.5531
000680 0.4393 0.0076 0.5531
000690 0.4393 0.0076 0.5531
000700 0.4393 0.0076 0.5531
000710 0.4393 0.0076 0.5531
000720 0.4393 0.0076 0.5531
000730 0.4393 0.0076 0.5531
000740 0.4393 0.0076 0.5531
000750 0.4393 0.0076 0.5531
000760 0.4393 0.0076 0.5531
000770 0.4393 0.0076 0.5531
000780 0.4393 0.0076 0.5531
000790 0.4393 0.0076 0.5531
000800 0.4393 0.0076 0.5531
000810 0.4393 0.0076 0.5531
000820 0.4393 0.0076 0.5531
000830 0.4393 0.0076 0.5531
000840 0.4393 0.0076 0.5531
000850 0.4393 0.0076 0.5531
000860 0.4393 0.0076 0.5531
000870 0.4393 0.0076 0.5531
000880 0.4393 0.0076 0.5531
000890 0.4393 0.0076 0.5531
000900 0.4393 0.0076 0.5531
000910 0.4393 0.0076 0.5531
000920 0.4393 0.0076 0.5531
000930 0.4393 0.0076 0.5531
000940 0.4393 0.0076 0.5531
000950 0.4393 0.0076 0.5531
000960 0.4393 0.0076 0.5531
000970 0.4393 0.0076 0.5531
000980 0.4393 0.0076 0.5531
000990 0.4393 0.0076 0.5531
001000 0.4393 0.0076 0.5531
