000000 0.4990 0.2503 0.2507
001000 0.4197 0.2933 0.2870
002000 0.4165 0.2956 0.2878
003000 0.4156 0.2967 0.2877
004000 0.4197 0.2928 0.2875
005000 0.4198 0.2915 0.2887
006000 0.4186 0.2944 0.2870
007000 0.4186 0.2944 0.2870
008000 0.4186 0.2944 0.2870
009000 0.4186 0.2944 0.2870
010000 0.4186 0.2944 0.2870
011000 0.4186 0.2944 0.2870
012000 0.4186 0.2944 0.2870
013000 0.4186 0.2944 0.2870
014000 0.4186 0.2944 0.2870
015000 0.4186 0.2944 0.2870
016000 0.4186 0.2944 0.2870
017000 0.4186 0.2944 0.2870
018000 0.4186 0.2944 0.2870
019000 0.4186 0.2944 0.2870
020000 0.4186 0.2944 0.2870
