000000 0.4988 0.2494 0.2518
001000 0.3675 0.3370 0.2955
002000 0.3627 0.3409 0.2964
003000 0.3668 0.3387 0.2945
004000 0.3642 0.3370 0.2988
005000 0.3669 0.3376 0.2955
006000 0.3660 0.3393 0.2947
007000 0.3660 0.3393 0.2947
008000 0.3660 0.3393 0.2947
009000 0.3660 0.3393 0.2947
010000 0.3660 0.3393 0.2947
011000 0.3660 0.3393 0.2947
012000 0.3660 0.3393 0.2947
013000 0.3660 0.3393 0.2947
014000 0.3660 0.3393 0.2947
015000 0.3660 0.3393 0.2947
016000 0.3660 0.3393 0.2947
017000 0.3660 0.3393 0.2947
018000 0.3660 0.3393 0.2947
019000 0.3660 0.3393 0.2947
020000 0.3660 0.3393 0.2947
