000000 0.5010 0.2506 0.2484
001000 0.5392 0.1838 0.2770
002000 0.5371 0.1852 0.2777
003000 0.5418 0.1814 0.2768
004000 0.5399 0.1845 0.2756
005000 0.5403 0.1826 0.2771
006000 0.5415 0.1804 0.2782
007000 0.5415 0.1804 0.2782
008000 0.5415 0.1804 0.2782
009000 0.5415 0.1804 0.2782
010000 0.5415 0.1804 0.2782
011000 0.5415 0.1804 0.2782
012000 0.5415 0.1804 0.2782
013000 0.5415 0.1804 0.2782
014000 0.5415 0.1804 0.2782
015000 0.5415 0.1804 0.2782
016000 0.5415 0.1804 0.2782
017000 0.5415 0.1804 0.2782
018000 0.5415 0.1804 0.2782
019000 0.5415 0.1804 0.2782
020000 0.5415 0.1804 0.2782
