000000 0.4998 0.2495 0.2507
001000 0.4570 0.2572 0.2857
002000 0.4609 0.2569 0.2822
003000 0.4583 0.2584 0.2834
004000 0.4607 0.2532 0.2860
005000 0.4594 0.2591 0.2815
006000 0.4598 0.2580 0.2822
007000 0.4598 0.2580 0.2822
008000 0.4598 0.2580 0.2822
009000 0.4598 0.2580 0.2822
010000 0.4598 0.2580 0.2822
011000 0.4598 0.2580 0.2822
012000 0.4598 0.2580 0.2822
013000 0.4598 0.2580 0.2822
014000 0.4598 0.2580 0.2822
015000 0.4598 0.2580 0.2822
016000 0.4598 0.2580 0.2822
017000 0.4598 0.2580 0.2822
018000 0.4598 0.2580 0.2822
019000 0.4598 0.2580 0.2822
020000 0.4598 0.2580 0.2822
