000000 0.4982 0.2507 0.2511
001000 0.6535 0.0905 0.2560
002000 0.6532 0.0936 0.2532
003000 0.6559 0.0844 0.2597
004000 0.6588 0.0806 0.2605
005000 0.6551 0.0876 0.2573
006000 0.6542 0.0905 0.2554
007000 0.6542 0.0905 0.2554
008000 0.6542 0.0905 0.2554
009000 0.6542 0.0905 0.2554
010000 0.6542 0.0905 0.2554
011000 0.6542 0.0905 0.2554
012000 0.6542 0.0905 0.2554
013000 0.6542 0.0905 0.2554
014000 0.6542 0.0905 0.2554
015000 0.6542 0.0905 0.2554
016000 0.6542 0.0905 0.2554
017000 0.6542 0.0905 0.2554
018000 0.6542 0.0905 0.2554
019000 0.6542 0.0905 0.2554
020000 0.6542 0.0905 0.2554
