000000 0.5028 0.2483 0.2490
001000 0.2616 0.4269 0.3115
002000 0.2586 0.4319 0.3094
003000 0.2587 0.4295 0.3118
004000 0.2545 0.4307 0.3148
005000 0.2569 0.4279 0.3152
006000 0.2561 0.4317 0.3123
007000 0.2561 0.4317 0.3123
008000 0.2561 0.4317 0.3123
009000 0.2561 0.4317 0.3123
010000 0.2561 0.4317 0.3123
011000 0.2561 0.4317 0.3123
012000 0.2561 0.4317 0.3123
013000 0.2561 0.4317 0.3123
014000 0.2561 0.4317 0.3123
015000 0.2561 0.4317 0.3123
016000 0.2561 0.4317 0.3123
017000 0.2561 0.4317 0.3123
018000 0.2561 0.4317 0.3123
019000 0.2561 0.4317 0.3123
020000 0.2561 0.4317 0.3123
