000000 0.4983 0.2502 0.2515
001000 0.4497 0.2668 0.2835
002000 0.4483 0.2652 0.2865
003000 0.4490 0.2680 0.2830
004000 0.4541 0.2640 0.2819
005000 0.4486 0.2660 0.2854
006000 0.4509 0.2652 0.2839
007000 0.4509 0.2652 0.2839
008000 0.4509 0.2652 0.2839
009000 0.4509 0.2652 0.2839
010000 0.4509 0.2652 0.2839
011000 0.4509 0.2652 0.2839
012000 0.4509 0.2652 0.2839
013000 0.4509 0.2652 0.2839
014000 0.4509 0.2652 0.2839
015000 0.4509 0.2652 0.2839
016000 0.4509 0.2652 0.2839
017000 0.4509 0.2652 0.2839
018000 0.4509 0.2652 0.2839
019000 0.4509 0.2652 0.2839
020000 0.4509 0.2652 0.2839
