000000 0.4991 0.2522 0.2487
001000 0.6353 0.0000 0.3647
002000 0.6348 0.0000 0.3652
003000 0.6368 0.0000 0.3632
004000 0.6352 0.0000 0.3648
005000 0.6380 0.0000 0.3620
006000 0.6359 0.0000 0.3641
007000 0.6359 0.0000 0.3641
008000 0.6359 0.0000 0.3641
009000 0.6359 0.0000 0.3641
010000 0.6359 0.0000 0.3641
011000 0.6359 0.0000 0.3641
012000 0.6359 0.0000 0.3641
013000 0.6359 0.0000 0.3641
014000 0.6359 0.0000 0.3641
015000 0.6359 0.0000 0.3641
016000 0.6359 0.0000 0.3641
017000 0.6359 0.0000 0.3641
018000 0.6359 0.0000 0.3641
019000 0.6359 0.0000 0.3641
020000 0.6359 0.0000 0.3641
