000000 0.5021 0.2492 0.2487
001000 0.6487 0.0000 0.3513
002000 0.6491 0.0000 0.3509
003000 0.6456 0.0000 0.3544
004000 0.6485 0.0000 0.3515
005000 0.6500 0.0000 0.3500
006000 0.6489 0.0000 0.3511
007000 0.6489 0.0000 0.3511
008000 0.6489 0.0000 0.3511
009000 0.6489 0.0000 0.3511
010000 0.6489 0.0000 0.3511
011000 0.6489 0.0000 0.3511
012000 0.6489 0.0000 0.3511
013000 0.6489 0.0000 0.3511
014000 0.6489 0.0000 0.3511
015000 0.6489 0.0000 0.3511
016000 0.6489 0.0000 0.3511
017000 0.6489 0.0000 0.3511
018000 0.6489 0.0000 0.3511
019000 0.6489 0.0000 0.3511
020000 0.6489 0.0000 0.3511
