000000 0.5003 0.2490 0.2506
001000 0.0000 0.6299 0.3701
002000 0.0000 0.6283 0.3717
003000 0.0000 0.6296 0.3705
004000 0.0000 0.6286 0.3714
005000 0.0000 0.6309 0.3691
006000 0.0000 0.6264 0.3736
007000 0.0000 0.6264 0.3736
008000 0.0000 0.6264 0.3736
009000 0.0000 0.6264 0.3736
010000 0.0000 0.6264 0.3736
011000 0.0000 0.6264 0.3736
012000 0.0000 0.6264 0.3736
013000 0.0000 0.6264 0.3736
014000 0.0000 0.6264 0.3736
015000 0.0000 0.6264 0.3736
016000 0.0000 0.6264 0.3736
017000 0.0000 0.6264 0.3736
018000 0.0000 0.6264 0.3736
019000 0.0000 0.6264 0.3736
020000 0.0000 0.6264 0.3736
