000000 0.5008 0.2488 0.2503
001000 0.7294 0.0000 0.2706
002000 0.7311 0.0000 0.2689
003000 0.7302 0.0000 0.2698
004000 0.7306 0.0000 0.2694
005000 0.7287 0.0000 0.2713
006000 0.7288 0.0000 0.2712
007000 0.7288 0.0000 0.2712
008000 0.7288 0.0000 0.2712
009000 0.7288 0.0000 0.2712
010000 0.7288 0.0000 0.2712
011000 0.7288 0.0000 0.2712
012000 0.7288 0.0000 0.2712
013000 0.7288 0.0000 0.2712
014000 0.7288 0.0000 0.2712
015000 0.7288 0.0000 0.2712
016000 0.7288 0.0000 0.2712
017000 0.7288 0.0000 0.2712
018000 0.7288 0.0000 0.2712
019000 0.7288 0.0000 0.2712
020000 0.7288 0.0000 0.2712
