000000 0.4990 0.2507 0.2504
001000 0.6594 0.0000 0.3406
002000 0.6556 0.0000 0.3444
003000 0.6562 0.0000 0.3438
004000 0.6566 0.0000 0.3434
005000 0.6575 0.0000 0.3425
006000 0.6578 0.0000 0.3422
007000 0.6578 0.0000 0.3422
008000 0.6578 0.0000 0.3422
009000 0.6578 0.0000 0.3422
010000 0.6578 0.0000 0.3422
011000 0.6578 0.0000 0.3422
012000 0.6578 0.0000 0.3422
013000 0.6578 0.0000 0.3422
014000 0.6578 0.0000 0.3422
015000 0.6578 0.0000 0.3422
016000 0.6578 0.0000 0.3422
017000 0.6578 0.0000 0.3422
018000 0.6578 0.0000 0.3422
019000 0.6578 0.0000 0.3422
020000 0.6578 0.0000 0.3422
