000000 0.4981 0.2522 0.2496
001000 0.7545 0.0000 0.2455
002000 0.7525 0.0000 0.2475
003000 0.7540 0.0000 0.2460
004000 0.7543 0.0000 0.2457
005000 0.7537 0.0000 0.2463
006000 0.7527 0.0000 0.2473
007000 0.7527 0.0000 0.2473
008000 0.7527 0.0000 0.2473
009000 0.7527 0.0000 0.2473
010000 0.7527 0.0000 0.2473
011000 0.7527 0.0000 0.2473
012000 0.7527 0.0000 0.2473
013000 0.7527 0.0000 0.2473
014000 0.7527 0.0000 0.2473
015000 0.7527 0.0000 0.2473
016000 0.7527 0.0000 0.2473
017000 0.7527 0.0000 0.2473
018000 0.7527 0.0000 0.2473
019000 0.7527 0.0000 0.2473
020000 0.7527 0.0000 0.2473
